Gene.Symbol	Entrez.GeneId	Genome.Location	Tier	Chr.Band	chr	start	end
A1CF	29974	10:52566322-52645435	2	11.23	10	52566322	52645435
ABI1	10006	10:27035522-27149864	1	12.1	10	27035522	27149864
ABL1	25	9:133589333-133761070	1	34.12	9	133589333	133761070
ABL2	27	1:179068462-179198736	1	25.2	1	179068462	179198736
ACKR3	57007	2:237478284-237491001	1	37.3	2	237478284	237491001
ACSL3	2181	2:223725652-223809357	1	36.1	2	223725652	223809357
ACSL6	23305	5:131285666-131347355	2	31.1	5	131285666	131347355
ACVR1	90	2:158592958-158731623	1	24.1	2	158592958	158731623
ACVR2A	92	2:148602086-148688393	1	22.3	2	148602086	148688393
AFDN	4301	6:168227671-168364976	1	27	6	168227671	168364976
AFF1	4299	4:87856154-88062206	1	22.1	4	87856154	88062206
AFF3	3899	2:100163718-100722045	1	11.2	2	100163718	100722045
AFF4	27125	5:132211071-132299326	1	31.1	5	132211071	132299326
AKAP9	10142	7:91570181-91739987	2	21.2	7	91570181	91739987
AKT1	207	14:105235686-105260461	1	32.33	14	105235686	105260461
AKT2	208	19:40736224-40791302	1	13.2	19	40736224	40791302
AKT3	10000	1:243665065-244013430	2	44	1	243665065	244013430
ALDH2	217	12:112204726-112247782	2	24.12	12	112204726	112247782
ALK	238	2:29415640-30144432	1	23.2	2	29415640	30144432
AMER1	139285	X:63404997-63425624	1	11.2	X	63404997	63425624
ANK1	286	8:41512843-41754280	2	11.21	8	41512843	41754280
APC	324	5:112043218-112181936	1	22.2	5	112043218	112181936
APOBEC3B	9582	22:39378414-39388789	1	13.1	22	39378414	39388789
AR	367	X:66764465-66950461	1	12	X	66764465	66950461
ARAF	369	X:47420516-47431299	2	11.23	X	47420516	47431299
ARHGAP26	23092	5:142149949-142606050	1	31.3	5	142149949	142606050
ARHGAP5	394	14:32546495-32628934	2	12	14	32546495	32628934
ARHGEF10	9639	8:1772142-1906799	2	23.3	8	1772142	1906799
ARHGEF10L	55160	1:17866330-18024364	2	36.13	1	17866330	18024364
ARHGEF12	23365	11:120207787-120360645	1	23.3	11	120207787	120360645
ARID1A	8289	1:27022524-27108595	1	36.11	1	27022524	27108595
ARID1B	57492	6:157099063-157531913	1	25.3	6	157099063	157531913
ARID2	196528	12:46123448-46301823	1	12	12	46123448	46301823
ARNT	405	1:150782181-150849244	1	21.3	1	150782181	150849244
ASPSCR1	79058	17:79935426-79975280	1	25.3	17	79935426	79975280
ASXL1	171023	20:30946155-31027122	1	11.21	20	30946155	31027122
ASXL2	55252	2:25956622-26101385	2	23.3	2	25956622	26101385
ATF1	466	12:51158075-51214905	1	13.12	12	51158075	51214905
ATIC	471	2:216176540-216214486	1	35	2	216176540	216214486
ATM	472	11:108093559-108239826	1	22.3	11	108093559	108239826
ATP1A1	476	1:116916489-116947394	1	13.1	1	116916489	116947394
ATP2B3	492	X:152801580-152848387	1	28	X	152801580	152848387
ATR	545	3:142168079-142297668	1	23	3	142168079	142297668
ATRX	546	X:76760356-77041702	1	21.1	X	76760356	77041702
AXIN1	8312	16:337440-402659	1	13.3	16	337440	402659
AXIN2	8313	17:63524681-63557765	1	24.1	17	63524681	63557765
B2M	567	15:45003675-45011075	1	21.1	15	45003675	45011075
BAP1	8314	3:52435029-52444366	1	21.1	3	52435029	52444366
BARD1	580	2:215590370-215674428	1	35	2	215590370	215674428
BAX	581	19:49458186-49465055	1	13.33	19	49458186	49465055
BAZ1A	11177	14:35221943-35344853	2	13.2	14	35221943	35344853
BCL10	8915	1:85731931-85742773	1	22.3	1	85731931	85742773
BCL11A	53335	2:60684333-60780633	1	16.1	2	60684333	60780633
BCL11B	64919	14:99635624-99737565	1	32.2	14	99635624	99737565
BCL2	596	18:60790579-60987361	1	21.33	18	60790579	60987361
BCL2L12	83596	19:50168823-50177173	2	13.33	19	50168823	50177173
BCL3	602	19:45251804-45263301	1	13.32	19	45251804	45263301
BCL6	604	3:187439165-187463515	1	27.3	3	187439165	187463515
BCL7A	605	12:122457328-122499948	1	24.31	12	122457328	122499948
BCL9	607	1:147013182-147098017	1	21.2	1	147013182	147098017
BCL9L	283149	11:118764584-118781613	1	23.3	11	118764584	118781613
BCLAF1	9774	6:136578001-136610989	2	23.3	6	136578001	136610989
BCOR	54880	X:39910501-39956656	1	11.4	X	39910501	39956656
BCORL1	63035	X:129139164-129192058	1	26.1	X	129139164	129192058
BCR	613	22:23522397-23660224	1	11.23	22	23522397	23660224
BIRC3	330	11:102188226-102208465	1	22.2	11	102188226	102208465
BIRC6	57448	2:32582096-32843966	2	22.3	2	32582096	32843966
BLM	641	15:91260558-91358692	1	26.1	15	91260558	91358692
BMP5	653	6:55618443-55740362	2	12.1	6	55618443	55740362
BMPR1A	657	10:88516407-88692595	1	23.2	10	88516407	88692595
BRAF	673	7:140434279-140624564	1	34	7	140434279	140624564
BRCA1	672	17:41197646-41277500	1	21.31	17	41197646	41277500
BRCA2	675	13:32889617-32973805	1	13.1	13	32889617	32973805
BRD3	8019	9:136895427-136933139	1	34.2	9	136895427	136933139
BRD4	23476	19:15347647-15391262	1	13.12	19	15347647	15391262
BRIP1	83990	17:59758627-59940882	1	23.2	17	59758627	59940882
BTG1	694	12:92536286-92539673	1	21.33	12	92536286	92539673
BTK	695	X:100604438-100641183	1	22.1	X	100604438	100641183
BUB1B	701	15:40453227-40513337	1	15.1	15	40453227	40513337
C15orf65	145788	15:55700746-55710910	2	21.3	15	55700746	55710910
CACNA1D	776	3:53529076-53847760	1	21.1	3	53529076	53847760
CALR	811	19:13049421-13055303	1	13.2	19	13049421	13055303
CAMTA1	23261	1:6845384-7829766	1	36.31	1	6845384	7829766
CANT1	124583	17:76987799-77005899	1	25.3	17	76987799	77005899
CARD11	84433	7:2945775-3083579	1	22.2	7	2945775	3083579
CARS	833	11:3022152-3078667	1	15.4	11	3022152	3078667
CASP3	836	4:185548850-185570629	2	35.1	4	185548850	185570629
CASP8	841	2:202122759-202152434	1	33.1	2	202122759	202152434
CASP9	842	1:15818765-15850790	2	36.21	1	15818765	15850790
CBFA2T3	863	16:88941266-89043612	1	24.3	16	88941266	89043612
CBFB	865	16:67063148-67134925	1	22.1	16	67063148	67134925
CBL	867	11:119076752-119178859	1	23.3	11	119076752	119178859
CBLB	868	3:105374305-105587887	1	13.11	3	105374305	105587887
CBLC	23624	19:45281126-45303891	1	13.32	19	45281126	45303891
CCDC6	8030	10:61548521-61666414	1	21.2	10	61548521	61666414
CCNB1IP1	57820	14:20779529-20797539	1	11.2	14	20779529	20797539
CCNC	892	6:99990256-100016849	2	16.2	6	99990256	100016849
CCND1	595	11:69455855-69469242	1	13.3	11	69455855	69469242
CCND2	894	12:4382938-4414516	1	13.32	12	4382938	4414516
CCND3	896	6:41902671-41909586	1	21.1	6	41902671	41909586
CCNE1	898	19:30302805-30315215	1	12	19	30302805	30315215
CCR4	1233	3:32993066-32997841	2	22.3	3	32993066	32997841
CCR7	1236	17:38710021-38721724	2	21.2	17	38710021	38721724
CD209	30835	19:7804883-7812420	2	13.2	19	7804883	7812420
CD274	29126	9:5450525-5470547	1	24.1	9	5450525	5470547
CD28	940	2:204571271-204603635	2	33.2	2	204571271	204603635
CD74	972	5:149781715-149792314	1	32	5	149781715	149792314
CD79A	973	19:42381190-42385439	1	13.2	19	42381190	42385439
CD79B	974	17:62006100-62009696	1	23.3	17	62006100	62009696
CDC73	79577	1:193091147-193223031	1	31.2	1	193091147	193223031
CDH1	999	16:68771128-68869451	1	22.1	16	68771128	68869451
CDH10	1008	5:24487209-24645087	2	14.2	5	24487209	24645087
CDH11	1009	16:64977656-65156101	1	21	16	64977656	65156101
CDH17	1015	8:95139399-95220815	2	22.1	8	95139399	95220815
CDK12	51755	17:37618292-37691399	1	12	17	37618292	37691399
CDK4	1019	12:58141510-58146304	1	14.1	12	58141510	58146304
CDK6	1021	7:92234235-92463231	1	21.2	7	92234235	92463231
CDKN1A	1026	6:36646487-36655108	2	21.2	6	36646487	36655108
CDKN1B	1027	12:12870058-12875305	1	13.1	12	12870058	12875305
CDKN2A	1029	9:21968055-21974865	1	21.3	9	21968055	21974865
CDKN2C	1031	1:51426417-51440305	1	32.3	1	51426417	51440305
CDX2	1045	13:28536274-28545276	1	12.2	13	28536274	28545276
CEBPA	1050	19:33790840-33793470	1	13.11	19	33790840	33793470
CEP89	84902	19:33369902-33462869	2	13.11	19	33369902	33462869
CHCHD7	79145	8:57124315-57131174	1	12.1	8	57124315	57131174
CHD2	1106	15:93443058-93571237	2	26.1	15	93443058	93571237
CHD4	1108	12:6679249-6716551	1	13.31	12	6679249	6716551
CHEK2	11200	22:29083751-29137826	1	12.1	22	29083751	29137826
CHIC2	26511	4:54875956-54930857	2	12	4	54875956	54930857
CHST11	50515	12:104850751-105155792	2	23.3	12	104850751	105155792
CIC	23152	19:42788817-42799949	1	13.2	19	42788817	42799949
CIITA	4261	16:10971055-11023624	1	13.13	16	10971055	11023624
CLIP1	6249	12:122757381-122865041	1	24.31	12	122757381	122865041
CLP1	10978	11:57424630-57429340	2	12.1	11	57424630	57429340
CLTC	1213	17:57697219-57773671	1	23.1	17	57697219	57773671
CLTCL1	8218	22:19166986-19279237	1	11.21	22	19166986	19279237
CNBD1	168975	8:87878673-88395087	2	21.3	8	87878673	88395087
CNBP	7555	3:128888945-128902753	1	21.3	3	128888945	128902753
CNOT3	4849	19:54645112-54659418	1	13.42	19	54645112	54659418
CNTNAP2	26047	7:145813453-148118090	2	36.1	7	145813453	148118090
CNTRL	11064	9:123837290-123939886	1	33.2	9	123837290	123939886
COL1A1	1277	17:48260650-48278993	1	21.33	17	48260650	48278993
COL2A1	1280	12:48366748-48398269	1	13.11	12	48366748	48398269
COL3A1	1281	2:189839046-189877472	2	32.2	2	189839046	189877472
COX6C	1345	8:100890094-100906290	2	22.2	8	100890094	100906290
CPEB3	22849	10:93809388-94050844	2	23.32	10	93809388	94050844
CREB1	1385	2:208394616-208468155	1	33.3	2	208394616	208468155
CREB3L1	90993	11:46299212-46342972	1	11.2	11	46299212	46342972
CREB3L2	64764	7:137559725-137686803	1	33	7	137559725	137686803
CREBBP	1387	16:3775055-3930727	1	13.3	16	3775055	3930727
CRLF2	64109	X:1314890-1331527	1	22.33	X	1314890	1331527
CRNKL1	51340	20:20015012-20036690	2	11.23	20	20015012	20036690
CRTC1	23373	19:18794488-18893004	1	13.11	19	18794488	18893004
CRTC3	64784	15:91073300-91186045	1	26.1	15	91073300	91186045
CSF1R	1436	5:149432854-149492935	2	32	5	149432854	149492935
CSF3R	1441	1:36931644-36948879	1	34.3	1	36931644	36948879
CSMD3	114788	8:113235157-114449328	2	23.3	8	113235157	114449328
CTCF	10664	16:67596310-67673086	1	22.1	16	67596310	67673086
CTNNA2	1496	2:79412357-80875904	2	12	2	79412357	80875904
CTNNB1	1499	3:41240930-41281936	1	22.1	3	41240930	41281936
CTNND1	1500	11:57529269-57586650	2	12.1	11	57529269	57586650
CTNND2	1501	5:10971952-11904155	2	15.2	5	10971952	11904155
CUL3	8452	2:225334867-225450065	2	36.2	2	225334867	225450065
CUX1	1523	7:101459291-101901513	1	22.1	7	101459291	101901513
CXCR4	7852	2:136871919-136873813	1	22.1	2	136871919	136873813
CYLD	1540	16:50776671-50835846	1	12.1	16	50776671	50835846
CYP2C8	1558	10:96796530-96829254	2	23.33	10	96796530	96829254
CYSLTR2	57105	13:49280951-49283498	2	14.2	13	49280951	49283498
DAXX	1616	6:33286335-33290791	1	21.32	6	33286335	33290791
DCAF12L2	340578	X:125298337-125300080	2	25	X	125298337	125300080
DCC	1630	18:49866542-51057784	2	21.2	18	49866542	51057784
DCTN1	1639	2:74588281-74607482	1	13.1	2	74588281	74607482
DDB2	1643	11:47236493-47260767	1	11.2	11	47236493	47260767
DDIT3	1649	12:57910372-57914300	1	13.3	12	57910372	57914300
DDR2	4921	1:162602255-162757190	1	23.3	1	162602255	162757190
DDX10	1662	11:108535752-108811657	1	22.3	11	108535752	108811657
DDX3X	1654	X:41192651-41209462	1	11.4	X	41192651	41209462
DDX5	1655	17:62495734-62502639	1	23.3	17	62495734	62502639
DDX6	1656	11:118620034-118661845	1	23.3	11	118620034	118661845
DEK	7913	6:18224099-18265054	1	22.3	6	18224099	18265054
DGCR8	54487	22:20067755-20099394	2	11.21	22	20067755	20099394
DICER1	23405	14:95552565-95624347	1	32.13	14	95552565	95624347
DNAJB1	3337	19:14625582-14629232	1	13.12	19	14625582	14629232
DNM2	1785	19:10828807-10942579	1	13.2	19	10828807	10942579
DNMT3A	1788	2:25455845-25565459	1	23.3	2	25455845	25565459
DROSHA	29102	5:31400604-31532168	1	13.3	5	31400604	31532168
DUX4L1	22947	4:191005267-191006883	2	35.2	4	191005267	191006883
EBF1	1879	5:158122928-158526769	1	33.3	5	158122928	158526769
ECT2L	345930	6:139117063-139225207	2	24.1	6	139117063	139225207
EED	8726	11:85955586-85989778	2	14.2	11	85955586	85989778
EGFR	1956	7:55086794-55279321	1	11.2	7	55086794	55279321
EIF1AX	1964	X:20142636-20159962	2	22.12	X	20142636	20159962
EIF3E	3646	8:109213972-109260994	1	23.1	8	109213972	109260994
EIF4A2	1974	3:186501336-186507689	1	27.3	3	186501336	186507689
ELF3	1999	1:201977073-201985137	2	32.1	1	201977073	201985137
ELF4	2000	X:129198903-129244470	1	26.1	X	129198903	129244470
ELK4	2005	1:205577071-205601090	1	32.1	1	205577071	205601090
ELL	8178	19:18553473-18632937	1	13.11	19	18553473	18632937
ELN	2006	7:73442119-73484237	2	11.23	7	73442119	73484237
EML4	27436	2:42396490-42559688	1	21	2	42396490	42559688
EP300	2033	22:41487790-41576081	1	13.2	22	41487790	41576081
EPAS1	2034	2:46524541-46613836	1	21	2	46524541	46613836
EPHA3	2042	3:89156674-89531284	2	11.1	3	89156674	89531284
EPHA7	2045	6:93949738-94129244	2	16.1	6	93949738	94129244
EPS15	2060	1:51819935-51985000	1	32.3	1	51819935	51985000
ERBB2	2064	17:37856333-37884915	1	12	17	37856333	37884915
ERBB3	2065	12:56473645-56497289	1	13.2	12	56473645	56497289
ERBB4	2066	2:212240446-213403565	1	34	2	212240446	213403565
ERC1	23085	12:1100404-1605090	1	13.33	12	1100404	1605090
ERCC2	2068	19:45853095-45873876	1	13.32	19	45853095	45873876
ERCC3	2071	2:128014866-128051752	1	14.3	2	128014866	128051752
ERCC4	2072	16:14014014-14046202	1	13.12	16	14014014	14046202
ERCC5	2073	13:103497194-103528345	1	33.1	13	103497194	103528345
ERG	2078	21:39751949-40033618	1	22.2	21	39751949	40033618
ESR1	2099	6:152011631-152424409	1	25.1	6	152011631	152424409
ETNK1	55500	12:22778009-22843599	1	12.1	12	22778009	22843599
ETV1	2115	7:13930853-14029571	1	21.2	7	13930853	14029571
ETV4	2118	17:41605212-41623800	1	21.31	17	41605212	41623800
ETV5	2119	3:185764097-185826901	1	27.2	3	185764097	185826901
ETV6	2120	12:11802788-12048336	1	13.2	12	11802788	12048336
EWSR1	2130	22:29664305-29696333	1	12.2	22	29664305	29696333
EXT1	2131	8:118806729-119124092	1	24.11	8	118806729	119124092
EXT2	2132	11:44117747-44266979	1	11.2	11	44117747	44266979
EZH2	2146	7:148504477-148581370	1	36.1	7	148504477	148581370
EZR	7430	6:159186780-159240444	1	25.3	6	159186780	159240444
FAM131B	9715	7:143050493-143059845	2	34	7	143050493	143059845
FAM135B	51059	8:139142266-139509065	2	24.23	8	139142266	139509065
FAM47C	442444	X:37026432-37029739	2	21.1	X	37026432	37029739
FANCA	2175	16:89803957-89883054	1	24.3	16	89803957	89883054
FANCC	2176	9:97861336-98079984	1	22.32	9	97861336	98079984
FANCD2	2177	3:10068098-10141344	1	25.3	3	10068098	10141344
FANCE	2178	6:35420138-35434880	1	21.31	6	35420138	35434880
FANCF	2188	11:22644079-22647387	1	14.3	11	22644079	22647387
FANCG	2189	9:35073835-35080013	1	13.3	9	35073835	35080013
FAS	355	10:90750414-90775542	1	23.31	10	90750414	90775542
FAT1	2195	4:187508937-187645009	1	35.2	4	187508937	187645009
FAT3	120114	11:92085262-92629618	2	14.3	11	92085262	92629618
FAT4	79633	4:126237554-126414087	1	28.1	4	126237554	126414087
FBLN2	2199	3:13590631-13679922	2	25.1	3	13590631	13679922
FBXO11	80204	2:48034059-48132932	1	16.3	2	48034059	48132932
FBXW7	55294	4:153242410-153457253	1	31.3	4	153242410	153457253
FCGR2B	2213	1:161632951-161648444	1	23.3	1	161632951	161648444
FCRL4	83417	1:157543539-157567870	1	23.1	1	157543539	157567870
FEN1	2237	11:61560109-61564716	2	12.2	11	61560109	61564716
FES	2242	15:91427642-91439006	1	26.1	15	91427642	91439006
FEV	54738	2:219845809-219850379	1	35	2	219845809	219850379
FGFR1	2260	8:38268656-38325363	1	11.23	8	38268656	38325363
FGFR1OP	11116	6:167412670-167466201	1	27	6	167412670	167466201
FGFR2	2263	10:123239371-123357917	1	26.13	10	123239371	123357917
FGFR3	2261	4:1795039-1810599	1	16.3	4	1795039	1810599
FGFR4	2264	5:176513887-176525145	1	35.2	5	176513887	176525145
FH	2271	1:241660903-241683061	1	43	1	241660903	241683061
FHIT	2272	3:59737133-61237133	1	14.2	3	59737133	61237133
FIP1L1	81608	4:54243812-54325835	1	12	4	54243812	54325835
FKBP9	11328	7:32997017-33046543	2	14.3	7	32997017	33046543
FLCN	201163	17:17115526-17140453	1	11.2	17	17115526	17140453
FLI1	2313	11:128563665-128683162	1	24.3	11	128563665	128683162
FLNA	2316	X:153577016-153602994	2	28	X	153577016	153602994
FLT3	2322	13:28577411-28674729	1	12.2	13	28577411	28674729
FLT4	2324	5:180028506-180076624	1	35.3	5	180028506	180076624
FNBP1	23048	9:132649466-132805441	2	34.11	9	132649466	132805441
FOXA1	3169	14:38059189-38064239	1	21.1	14	38059189	38064239
FOXL2	668	3:138663066-138665982	1	22.3	3	138663066	138665982
FOXO1	2308	13:41129804-41240734	1	14.11	13	41129804	41240734
FOXO3	2309	6:108882069-109005971	1	21	6	108882069	109005971
FOXO4	4303	X:70316047-70323385	1	13.1	X	70316047	70323385
FOXP1	27086	3:71008342-71179988	1	13	3	71008342	71179988
FOXR1	283150	11:118842417-118852001	2	23.3	11	118842417	118852001
FSTL3	10272	19:676392-683385	1	13.3	19	676392	683385
FUBP1	8880	1:78414090-78444770	1	31.1	1	78414090	78444770
FUS	2521	16:31191431-31203127	1	11.2	16	31191431	31203127
GAS7	8522	17:9817167-10101868	1	13.1	17	9817167	10101868
GATA1	2623	X:48644962-48652715	1	11.23	X	48644962	48652715
GATA2	2624	3:128198270-128212028	1	21.3	3	128198270	128212028
GATA3	2625	10:8096656-8117161	1	14	10	8096656	8117161
GLI1	2735	12:57853921-57866045	2	13.3	12	57853921	57866045
GMPS	8833	3:155588325-155661815	2	25.31	3	155588325	155661815
GNA11	2767	19:3094408-3124002	1	13.3	19	3094408	3124002
GNAQ	2776	9:80331003-80646374	1	21.2	9	80331003	80646374
GNAS	2778	20:57427769-57486247	1	13.32	20	57427769	57486247
GOLGA5	9950	14:93260576-93306308	1	32.12	14	93260576	93306308
GOPC	57120	6:117881432-117923527	1	22.1	6	117881432	117923527
GPC3	2719	X:132669782-133119673	1	26.2	X	132669782	133119673
GPC5	2262	13:92050929-93519490	2	31.3	13	92050929	93519490
GPHN	10243	14:66974125-67648520	1	23.3	14	66974125	67648520
GRIN2A	2903	16:9852376-10276611	1	13.2	16	9852376	10276611
GRM3	2913	7:86273230-86494200	2	21.12	7	86273230	86494200
H3F3A	3020	1:226251678-226259702	1	42.12	1	226251678	226259702
H3F3B	3020	17:73772515-73775860	1	25.1	17	73772515	73775860
HERPUD1	9709	16:56965960-56977793	1	13	16	56965960	56977793
HEY1	23462	8:80676248-80680092	1	21.13	8	80676248	80680092
HIF1A	3091	14:62164340-62214489	1	23.2	14	62164340	62214489
HIP1	3092	7:75162621-75368265	1	11.23	7	75162621	75368265
HIST1H3B	8350	6:26031817-26032288	1	22.2	6	26031817	26032288
HIST1H4I	8294	6:27107076-27108418	1	22.1	6	27107076	27108418
HLA-A	3105	6:29909037-29913661	1	22.1	6	29909037	29913661
HLF	3131	17:53342373-53402426	1	22	17	53342373	53402426
HMGA1	3159	6:34204650-34214007	1	21.31	6	34204650	34214007
HMGA2	8091	12:66217911-66360075	1	14.3	12	66217911	66360075
HMGN2P46	283651	15:45803349-45848300	2	21.1	15	45803349	45848300
HNF1A	6927	12:121416346-121440315	1	24.31	12	121416346	121440315
HNRNPA2B1	3181	7:26229547-26240366	1	15.2	7	26229547	26240366
HOOK3	84376	8:42752075-42885682	1	11.21	8	42752075	42885682
HOXA11	3207	7:27221134-27224835	1	15.2	7	27221134	27224835
HOXA13	3209	7:27234637-27239725	1	15.2	7	27234637	27239725
HOXA9	3205	7:27202054-27205149	1	15.2	7	27202054	27205149
HOXC11	3227	12:54366910-54371427	1	13.13	12	54366910	54371427
HOXC13	3229	12:54332535-54340328	1	13.13	12	54332535	54340328
HOXD11	3237	2:176972014-176974722	1	31.1	2	176972014	176974722
HOXD13	3239	2:176957619-176960666	1	31.1	2	176957619	176960666
HRAS	3265	11:532243-535550	1	15.5	11	532243	535550
HSP90AA1	3320	14:102547386-102606023	1	32.31	14	102547386	102606023
HSP90AB1	3326	6:44215603-44221620	1	21.1	6	44215603	44221620
ID3	3399	1:23884409-23886285	2	36.12	1	23884409	23886285
IDH1	3417	2:209100989-209119046	1	34	2	209100989	209119046
IDH2	3418	15:90626277-90645736	1	26.1	15	90626277	90645736
IGF2BP2	10644	3:185361527-185542844	2	27.2	3	185361527	185542844
IGH	3492	14:-	1	32.33	14	NA	NA
IGK	50802	2:-	1	12	2	NA	NA
IGL	3535	22:-	1	11.2	22	NA	NA
IKBKB	3551	8:42128820-42189126	1	11.21	8	42128820	42189126
IKZF1	10320	7:50348318-50470264	1	12.2	7	50348318	50470264
IL2	3558	4:123372625-123377880	1	27	4	123372625	123377880
IL21R	50615	16:27413483-27461879	1	12.1	16	27413483	27461879
IL6ST	3572	5:55230923-55290821	1	11.2	5	55230923	55290821
IL7R	3575	5:35856951-35879705	1	13.2	5	35856951	35879705
IRF4	3662	6:391739-411447	1	25.3	6	391739	411447
IRS4	8471	X:107975712-107979651	1	22.3	X	107975712	107979651
ISX	91464	22:35462129-35483380	2	12.3	22	35462129	35483380
ITGAV	3685	2:187454792-187545628	2	32.1	2	187454792	187545628
ITK	3702	5:156607837-156682201	1	33.3	5	156607837	156682201
JAK1	3716	1:65298912-65432187	1	31.3	1	65298912	65432187
JAK2	3717	9:4985245-5128183	1	24.1	9	4985245	5128183
JAK3	3718	19:17935595-17958841	1	13.11	19	17935595	17958841
JAZF1	221895	7:27870192-28220362	2	15.2	7	27870192	28220362
JUN	3725	1:59246465-59249785	1	32.1	1	59246465	59249785
KAT6A	7994	8:41786997-41909505	1	11.21	8	41786997	41909505
KAT6B	23522	10:76586383-76792380	1	22.2	10	76586383	76792380
KAT7	11143	17:47865917-47906458	2	21.33	17	47865917	47906458
KCNJ5	3762	11:128761251-128790930	1	24.3	11	128761251	128790930
KDM5A	5927	12:389295-498620	1	13.33	12	389295	498620
KDM5C	8242	X:53221334-53254604	1	11.22	X	53221334	53254604
KDM6A	7403	X:44732757-44971847	1	11.3	X	44732757	44971847
KDR	3791	4:55944644-55991756	1	12	4	55944644	55991756
KDSR	2531	18:60994959-61034743	1	21.33	18	60994959	61034743
KEAP1	9817	19:10596796-10614417	1	13.2	19	10596796	10614417
KIAA1549	57670	7:138522270-138666064	2	34	7	138522270	138666064
KIF5B	3799	10:32297938-32345359	1	11.22	10	32297938	32345359
KIT	3815	4:55524085-55606881	1	12	4	55524085	55606881
KLF4	9314	9:110247133-110251927	1	31.2	9	110247133	110251927
KLF6	1316	10:3818188-3827467	1	15.1	10	3818188	3827467
KLK2	3817	19:51376505-51383823	1	13.33	19	51376505	51383823
KMT2A	4297	11:118307205-118397539	1	23.3	11	118307205	118397539
KMT2C	58508	7:151832010-152133090	1	36.1	7	151832010	152133090
KMT2D	8085	12:49412758-49449107	1	13.12	12	49412758	49449107
KNL1	57082	15:40886218-40956540	1	15.1	15	40886218	40956540
KNSTRN	90417	15:40674922-40686446	2	15.1	15	40674922	40686446
KRAS	3845	12:25362365-25403737	1	12.1	12	25362365	25403737
KTN1	3895	14:56047035-56151297	1	22.3	14	56047035	56151297
LARP4B	23185	10:855484-931702	2	15.3	10	855484	931702
LASP1	3927	17:37026112-37078023	1	12	17	37026112	37078023
LATS1	9113	6:149979289-150039392	1	25.1	6	149979289	150039392
LATS2	26524	13:21547171-21635686	1	12.11	13	21547171	21635686
LCK	3932	1:32716840-32751766	1	35.1	1	32716840	32751766
LCP1	3936	13:46700055-46785483	2	14.13	13	46700055	46785483
LEF1	51176	4:108968701-109089578	1	25	4	108968701	109089578
LEPROTL1	23484	8:29952996-29995864	2	12	8	29952996	29995864
LHFPL6	10186	13:39917029-40177308	2	14.11	13	39917029	40177308
LIFR	3977	5:38475065-38595506	1	13.1	5	38475065	38595506
LMNA	4000	1:156084498-156109880	1	22	1	156084498	156109880
LMO1	4004	11:8245851-8285405	1	15.4	11	8245851	8285405
LMO2	4005	11:33880122-33913836	1	13	11	33880122	33913836
LPP	4026	3:187930721-188608460	1	28	3	187930721	188608460
LRIG3	121227	12:59265931-59314303	1	14.1	12	59265931	59314303
LRP1B	53353	2:140988992-142889270	1	22.2	2	140988992	142889270
LSM14A	26065	19:34663471-34720420	2	13.11	19	34663471	34720420
LYL1	4066	19:13209847-13213681	1	13.2	19	13209847	13213681
LZTR1	8216	22:21336302-21353327	1	11.21	22	21336302	21353327
MACC1	346389	7:20174278-20257013	2	21.1	7	20174278	20257013
MAF	4094	16:79627735-79634611	1	23.2	16	79627735	79634611
MAFB	9935	20:39314488-39317880	1	12	20	39314488	39317880
MALAT1	378938	11:65265233-65273940	2	13.1	11	65265233	65273940
MALT1	10892	18:56338618-56417371	1	21.32	18	56338618	56417371
MAML2	84441	11:95709762-96076344	1	21	11	95709762	96076344
MAP2K1	5604	15:66679155-66784650	1	22.31	15	66679155	66784650
MAP2K2	5605	19:4090319-4124126	1	13.3	19	4090319	4124126
MAP2K4	6416	17:11924141-12047140	1	12	17	11924141	12047140
MAP3K1	4214	5:56111401-56191979	1	11.2	5	56111401	56191979
MAP3K13	9175	3:185080908-185206885	1	27.2	3	185080908	185206885
MAPK1	5594	22:22108789-22221919	1	11.22	22	22108789	22221919
MAX	4149	14:65542262-65569188	1	23.3	14	65542262	65569188
MB21D2	151963	3:192514604-192635950	2	29	3	192514604	192635950
MDM2	4193	12:69201956-69239214	1	15	12	69201956	69239214
MDM4	4194	1:204485511-204527248	1	32.1	1	204485511	204527248
MDS2	NA	1:23953824-23967058	2	36.11	1	23953824	23967058
MECOM	2122	3:168801287-168864093	1	26.2	3	168801287	168864093
MED12	9968	X:70338573-70362297	1	13.1	X	70338573	70362297
MEN1	4221	11:64570996-64578766	1	13.1	11	64570996	64578766
MET	4233	7:116312459-116436396	1	31.2	7	116312459	116436396
MGMT	4255	10:131265448-131566271	2	26.3	10	131265448	131566271
MITF	4286	3:69788586-70017487	1	14.1	3	69788586	70017487
MLF1	4291	3:158289049-158323190	1	25.32	3	158289049	158323190
MLH1	4292	3:37034823-37092409	1	22.2	3	37034823	37092409
MLLT1	4298	19:6212966-6279959	1	13.3	19	6212966	6279959
MLLT10	8028	10:21823272-22032559	1	12.31	10	21823272	22032559
MLLT11	10962	1:151030234-151040970	1	21.3	1	151030234	151040970
MLLT3	4300	9:20341663-20622542	1	21.3	9	20341663	20622542
MLLT6	4302	17:36861795-36886056	1	12	17	36861795	36886056
MN1	4330	22:28144265-28197486	1	12.1	22	28144265	28197486
MNX1	3110	7:156797547-156803345	2	36.3	7	156797547	156803345
MPL	4352	1:43803478-43818443	1	34.2	1	43803478	43818443
MRTFA	57591	22:40806285-41032689	1	13.2	22	40806285	41032689
MSH2	4436	2:47630108-47710367	1	21	2	47630108	47710367
MSH6	2956	2:48010221-48037240	1	16.3	2	48010221	48037240
MSI2	124540	17:55333895-55762046	1	22	17	55333895	55762046
MSN	4478	X:64887537-64961791	1	12	X	64887537	64961791
MTCP1	4515	X:154292309-154299501	1	28	X	154292309	154299501
MTOR	2475	1:11166592-11322564	1	36.22	1	11166592	11322564
MUC1	4582	1:155158300-155162706	1	22	1	155158300	155162706
MUC16	94025	19:8959520-9092018	2	13.2	19	8959520	9092018
MUC4	4585	3:195473636-195539148	2	29	3	195473636	195539148
MUTYH	4595	1:45794914-45806060	1	34.1	1	45794914	45806060
MYB	4602	6:135502453-135540305	1	23.3	6	135502453	135540305
MYC	4609	8:128748330-128753674	1	24.21	8	128748330	128753674
MYCL	4610	1:40361098-40367685	1	34.2	1	40361098	40367685
MYCN	4613	2:16080686-16087129	1	24.3	2	16080686	16087129
MYD88	4615	3:38179969-38184510	1	22.2	3	38179969	38184510
MYH11	4629	16:15797029-15950868	1	13.11	16	15797029	15950868
MYH9	4627	22:36677327-36784063	1	12.3	22	36677327	36784063
MYO5A	4644	15:52599480-52821247	1	21.2	15	52599480	52821247
MYOD1	4654	11:17741115-17743678	1	15.1	11	17741115	17743678
N4BP2	55728	4:40058446-40159872	2	14	4	40058446	40159872
NAB2	4665	12:57482677-57489259	1	13.3	12	57482677	57489259
NACA	4666	12:57106217-57119083	2	13.3	12	57106217	57119083
NBEA	26960	13:35516424-36246872	2	13.3	13	35516424	36246872
NBN	4683	8:90945564-90996944	1	21.3	8	90945564	90996944
NCKIPSD	51517	3:48711277-48723360	2	21.31	3	48711277	48723360
NCOA1	8648	2:24714801-24993571	1	23.3	2	24714801	24993571
NCOA2	10499	8:71021997-71316040	1	13.3	8	71021997	71316040
NCOA4	8031	10:51565108-51590731	1	11.23	10	51565108	51590731
NCOR1	9611	17:15932471-16118863	1	12	17	15932471	16118863
NCOR2	9612	12:124808961-124979798	1	24.31	12	124808961	124979798
NDRG1	10397	8:134249419-134309829	1	24.22	8	134249419	134309829
NF1	4763	17:29421945-29704695	1	11.2	17	29421945	29704695
NF2	4771	22:29999547-30094587	1	12.2	22	29999547	30094587
NFATC2	4773	20:50003494-50159258	1	13.2	20	50003494	50159258
NFE2L2	4780	2:178095033-178129859	1	31.2	2	178095033	178129859
NFIB	4781	9:14087568-14313666	1	23	9	14087568	14313666
NFKB2	4791	10:104154354-104162281	1	24.32	10	104154354	104162281
NFKBIE	4794	6:44225903-44233500	1	21.1	6	44225903	44233500
NIN	51199	14:51192558-51297839	1	22.1	14	51192558	51297839
NKX2-1	7080	14:36985602-36989433	1	13.3	14	36985602	36989433
NONO	4841	X:70503433-70521018	1	13.1	X	70503433	70521018
NOTCH1	4851	9:139388896-139440314	1	34.3	9	139388896	139440314
NOTCH2	4853	1:120454176-120612240	1	12	1	120454176	120612240
NPM1	4869	5:170814652-170838141	1	35.1	5	170814652	170838141
NR4A3	8013	9:102589009-102629173	1	31.1	9	102589009	102629173
NRAS	4893	1:115247090-115259515	1	13.2	1	115247090	115259515
NRG1	3084	8:32405728-32622548	1	12	8	32405728	32622548
NSD1	64324	5:176560926-176727216	1	35.3	5	176560926	176727216
NSD2	7468	4:1894572-1983934	1	16.3	4	1894572	1983934
NSD3	54904	8:38127215-38239790	1	11.23	8	38127215	38239790
NT5C2	22978	10:104845940-104953056	1	24.33	10	104845940	104953056
NTHL1	4913	16:2089816-2097867	2	13.3	16	2089816	2097867
NTRK1	4914	1:156830686-156851434	1	23.1	1	156830686	156851434
NTRK3	4916	15:88420022-88799661	1	25.3	15	88420022	88799661
NUMA1	4926	11:71713910-71791733	1	13.4	11	71713910	71791733
NUP214	8021	9:134000948-134110057	1	34.13	9	134000948	134110057
NUP98	4928	11:3696240-3819022	1	15.4	11	3696240	3819022
NUTM1	256646	15:34638066-34649933	1	14	15	34638066	34649933
NUTM2B	729262	10:81462983-81472507	1	22.3	10	81462983	81472507
NUTM2D	NA	10:89117477-89130452	1	23.2	10	89117477	89130452
OLIG2	10215	21:34398243-34401504	1	22.11	21	34398243	34401504
OMD	4958	9:95176527-95186743	2	22.31	9	95176527	95186743
P2RY8	286530	X:1581465-1656000	1	22.33	X	1581465	1656000
PABPC1	26986	8:101715144-101734940	2	22.3	8	101715144	101734940
PAFAH1B2	5049	11:117014983-117041761	1	23.3	11	117014983	117041761
PALB2	79728	16:23614491-23652631	1	12.2	16	23614491	23652631
PATZ1	23598	22:31721790-31742218	1	12.2	22	31721790	31742218
PAX3	5077	2:223064607-223163700	1	36.1	2	223064607	223163700
PAX5	5079	9:36833272-37034103	1	13.2	9	36833272	37034103
PAX7	5081	1:18957500-19062632	1	36.13	1	18957500	19062632
PAX8	7849	2:113973574-114036527	1	13	2	113973574	114036527
PBRM1	55193	3:52581857-52719852	1	21.1	3	52581857	52719852
PBX1	5087	1:164528872-164821068	1	23.3	1	164528872	164821068
PCBP1	5093	2:70314585-70316332	2	13.3	2	70314585	70316332
PCM1	5108	8:17780349-17885477	1	22	8	17780349	17885477
PDCD1LG2	80380	9:5510570-5571252	1	24.1	9	5510570	5571252
PDE4DIP	9659	1:144851427-144995022	1	21.1	1	144851427	144995022
PDGFB	5155	22:39619364-39640756	1	13.1	22	39619364	39640756
PDGFRA	5156	4:55095264-55164414	1	12	4	55095264	55164414
PDGFRB	5159	5:149493400-149535423	1	32	5	149493400	149535423
PER1	5187	17:8043790-8055753	1	13.1	17	8043790	8055753
PHF6	84295	X:133507342-133562819	1	26.2	X	133507342	133562819
PHOX2B	8929	4:41746099-41750987	1	13	4	41746099	41750987
PICALM	8301	11:85669857-85779971	1	14.2	11	85669857	85779971
PIK3CA	5290	3:178866311-178957881	1	26.32	3	178866311	178957881
PIK3CB	5291	3:138372860-138553594	1	22.3	3	138372860	138553594
PIK3R1	5295	5:67511548-67597649	1	13.1	5	67511548	67597649
PIM1	5292	6:37137979-37143202	1	21.2	6	37137979	37143202
PLAG1	5324	8:57073463-57123838	1	12.1	8	57073463	57123838
PLCG1	5335	20:39765877-39804361	1	12	20	39765877	39804361
PML	5371	15:74287058-74339112	1	24.1	15	74287058	74339112
PMS1	5378	2:190649107-190742355	2	32.2	2	190649107	190742355
PMS2	5395	7:6012870-6048756	1	22.1	7	6012870	6048756
POLD1	5424	19:50887596-50921271	1	13.33	19	50887596	50921271
POLE	5426	12:133200348-133263945	1	24.33	12	133200348	133263945
POLG	5428	15:89859534-89878078	2	26.1	15	89859534	89878078
POLQ	10721	3:121150278-121264853	1	13.33	3	121150278	121264853
POT1	25913	7:124462440-124570035	1	31.33	7	124462440	124570035
POU2AF1	5450	11:111222977-111250417	1	23.1	11	111222977	111250417
POU5F1	5460	6:31132120-31138470	1	21.33	6	31132120	31138470
PPARG	5468	3:12392971-12475855	1	25.2	3	12392971	12475855
PPFIBP1	8496	12:27677139-27848497	1	11.23	12	27677139	27848497
PPM1D	8493	17:58677544-58741849	1	23.2	17	58677544	58741849
PPP2R1A	5518	19:52693292-52730687	1	13.41	19	52693292	52730687
PPP6C	5537	9:127908853-127952218	1	33.3	9	127908853	127952218
PRCC	5546	1:156737292-156770607	1	23.1	1	156737292	156770607
PRDM1	639	6:106534195-106557813	1	21	6	106534195	106557813
PRDM16	63976	1:2985775-3355185	1	36.32	1	2985775	3355185
PRDM2	7799	1:14031350-14151574	2	36.21	1	14031350	14151574
PREX2	80243	8:68864353-69149265	1	13.2	8	68864353	69149265
PRF1	5551	10:72357105-72362531	1	22.1	10	72357105	72362531
PRKACA	5566	19:14202500-14228556	1	13.12	19	14202500	14228556
PRKAR1A	5573	17:66508568-66529572	1	24.2	17	66508568	66529572
PRKCB	5579	16:23847345-24231932	2	12.2	16	23847345	24231932
PRPF40B	25766	12:50017219-50038448	2	13.12	12	50017219	50038448
PRRX1	5396	1:170633047-170708560	1	24.2	1	170633047	170708560
PSIP1	11168	9:15464064-15511017	1	22.3	9	15464064	15511017
PTCH1	5727	9:98205262-98270943	1	22.32	9	98205262	98270943
PTEN	5728	10:89622870-89731687	1	23.31	10	89622870	89731687
PTK6	5753	20:62159778-62168695	1	13.33	20	62159778	62168695
PTPN11	5781	12:112856718-112947717	1	24.13	12	112856718	112947717
PTPN13	5783	4:87515468-87736324	1	21.3	4	87515468	87736324
PTPN6	5777	12:7060434-7070479	2	13.31	12	7060434	7070479
PTPRB	5787	12:70910630-71031220	1	15	12	70910630	71031220
PTPRC	5788	1:198608170-198726412	1	32.1	1	198608170	198726412
PTPRD	5789	9:8314246-10033790	2	24.1	9	8314246	10033790
PTPRK	5796	6:128290122-128841728	1	22.33	6	128290122	128841728
PTPRT	11122	20:40701392-41818373	1	13.11	20	40701392	41818373
PWWP2A	114825	5:159518349-159546430	2	33.3	5	159518349	159546430
QKI	9444	6:163835675-163999628	1	26	6	163835675	163999628
RABEP1	9135	17:5185558-5289129	1	13.2	17	5185558	5289129
RAC1	5879	7:6414170-6442151	1	22.1	7	6414170	6442151
RAD17	5884	5:68665633-68710628	2	13.2	5	68665633	68710628
RAD21	5885	8:117858174-117887105	1	24.11	8	117858174	117887105
RAD51B	5890	14:68286525-69062713	1	24.1	14	68286525	69062713
RAF1	5894	3:12625100-12705725	1	25.2	3	12625100	12705725
RALGDS	5900	9:135973107-135996563	2	34.2	9	135973107	135996563
RANBP2	5903	2:109335937-109402267	1	12.3	2	109335937	109402267
RAP1GDS1	5910	4:99182669-99363485	1	23	4	99182669	99363485
RARA	5914	17:38465446-38513048	1	21.2	17	38465446	38513048
RB1	5925	13:48877911-49056122	1	14.2	13	48877911	49056122
RBM10	8241	X:47004268-47046210	1	11.23	X	47004268	47046210
RBM15	64783	1:110881128-110889299	1	13.3	1	110881128	110889299
RECQL4	9401	8:145736667-145743210	1	24.3	8	145736667	145743210
REL	5966	2:61108656-61158745	1	16.1	2	61108656	61158745
RET	5979	10:43572475-43625799	1	11.21	10	43572475	43625799
RFWD3	55159	16:74655292-74700779	2	23.1	16	74655292	74700779
RGPD3	653489	2:107021446-107084832	2	12.2	2	107021446	107084832
RGS7	6000	1:240938815-241520530	2	43	1	240938815	241520530
RHOA	387	3:49396578-49449635	1	21.31	3	49396578	49449635
RHOH	399	4:40198527-40248587	1	14	4	40198527	40248587
RMI2	116028	16:11439288-11445619	1	13.13	16	11439288	11445619
RNF213	57674	17:78234667-78372586	1	25.3	17	78234667	78372586
RNF43	54894	17:56431037-56494894	1	22	17	56431037	56494894
ROBO2	6092	3:75955846-77696661	2	12.3	3	75955846	77696661
ROS1	6098	6:117609463-117747018	1	22.1	6	117609463	117747018
RPL10	6134	X:153626571-153630680	1	28	X	153626571	153630680
RPL22	6146	1:6245080-6259672	1	36.31	1	6245080	6259672
RPL5	6083	1:93297582-93307481	1	22.1	1	93297582	93307481
RPN1	6184	3:128338817-128369692	1	21.3	3	128338817	128369692
RSPO2	340419	8:108911545-109095876	1	23.1	8	108911545	109095876
RSPO3	84870	6:127439749-127518441	1	22.33	6	127439749	127518441
RUNX1	861	21:36160098-36421641	1	22.12	21	36160098	36421641
RUNX1T1	862	8:92972359-93107706	1	21.3	8	92972359	93107706
S100A7	6278	1:153430220-153433177	2	21.3	1	153430220	153433177
SALL4	57167	20:50400581-50419059	1	13.2	20	50400581	50419059
SBDS	51119	7:66452664-66460588	1	11.21	7	66452664	66460588
SDC4	6385	20:43953928-43977064	1	13.12	20	43953928	43977064
SDHA	6389	5:218356-256815	1	15.33	5	218356	256815
SDHAF2	54949	11:61197545-61215001	1	12.2	11	61197545	61215001
SDHB	6390	1:17345217-17380665	1	36.13	1	17345217	17380665
SDHC	6391	1:161284047-161332984	1	23.3	1	161284047	161332984
SDHD	6392	11:111957497-111966518	1	23.1	11	111957497	111966518
SEPT5	2812	22:19701987-19710842	2	11.21	22	19701987	19710842
SEPT6	23157	X:118751602-118827333	2	24	X	118751602	118827333
SEPT9	10801	17:75277492-75496674	2	25.3	17	75277492	75496674
SET	6418	9:131445934-131458679	1	34.11	9	131445934	131458679
SETBP1	26040	18:42260863-42648475	1	12.3	18	42260863	42648475
SETD1B	23067	12:122242638-122270562	2	24.31	12	122242638	122270562
SETD2	29072	3:47058179-47205457	1	21.31	3	47058179	47205457
SETDB1	9869	1:150898815-150937211	2	21.3	1	150898815	150937211
SF3B1	23451	2:198254508-198299815	1	33.1	2	198254508	198299815
SFPQ	6421	1:35648533-35658749	1	34.3	1	35648533	35658749
SFRP4	6424	7:37945543-37956517	1	14.1	7	37945543	37956517
SGK1	6446	6:134490384-134639196	2	23.2	6	134490384	134639196
SH2B3	10019	12:111843752-111889427	1	24.12	12	111843752	111889427
SH3GL1	6455	19:4360367-4400544	1	13.3	19	4360367	4400544
SHTN1	57698	10:118644308-118765088	2	25.3	10	118644308	118765088
SIRPA	140885	20:1875942-1920543	2	13	20	1875942	1920543
SIX1	6495	14:61110133-61116180	1	23.1	14	61110133	61116180
SIX2	10736	2:45232300-45236569	2	21	2	45232300	45236569
SKI	6497	1:2160134-2241558	2	36.33	1	2160134	2241558
SLC34A2	10568	4:25657466-25680370	1	15.2	4	25657466	25680370
SLC45A3	85414	1:205626979-205649587	1	32.1	1	205626979	205649587
SMAD2	4087	18:45357922-45457512	1	21.1	18	45357922	45457512
SMAD3	4088	15:67358183-67487533	1	22.33	15	67358183	67487533
SMAD4	4089	18:48556583-48611409	1	21.2	18	48556583	48611409
SMARCA4	6597	19:11071677-11172958	1	13.2	19	11071677	11172958
SMARCB1	6598	22:24129161-24176703	1	11.23	22	24129161	24176703
SMARCD1	6602	12:50478755-50494495	1	13.12	12	50478755	50494495
SMARCE1	6605	17:38781214-38804760	1	21.2	17	38781214	38804760
SMC1A	8243	X:53401070-53449677	2	11.22	X	53401070	53449677
SMO	6608	7:128828713-128853386	1	32.1	7	128828713	128853386
SND1	27044	7:127292234-127732659	1	32.1	7	127292234	127732659
SNX29	92017	16:12070595-12668146	2	13.13	16	12070595	12668146
SOCS1	8651	16:11348262-11350036	1	13.13	16	11348262	11350036
SOX2	6657	3:181429722-181432221	1	26.33	3	181429722	181432221
SOX21	11166	13:95361886-95364389	2	32.1	13	95361886	95364389
SPECC1	92521	17:19990335-20218068	2	11.2	17	19990335	20218068
SPEN	23013	1:16174359-16266955	1	36.21	1	16174359	16266955
SPOP	8405	17:47676248-47755525	1	21.33	17	47676248	47755525
SRC	6714	20:35974557-36034453	1	11.23	20	35974557	36034453
SRGAP3	9901	3:9022275-9291063	2	25.3	3	9022275	9291063
SRSF2	6427	17:74730197-74733415	1	25.1	17	74730197	74733415
SRSF3	6428	6:36562145-36573377	1	21.31	6	36562145	36573377
SS18	6760	18:23596578-23670589	1	11.2	18	23596578	23670589
SS18L1	26039	20:60718851-60757540	1	13.33	20	60718851	60757540
SSX1	6756	X:48114752-48126879	1	11.23	X	48114752	48126879
SSX2	6757	X:52725946-52736211	1	11.22	X	52725946	52736211
SSX4	6759	X:48242863-48252785	1	11.23	X	48242863	48252785
STAG1	10274	3:136055077-136471210	2	22.3	3	136055077	136471210
STAG2	10735	X:123094369-123235348	1	25	X	123094369	123235348
STAT3	6774	17:40465342-40540586	1	21.2	17	40465342	40540586
STAT5B	6777	17:40351186-40428424	1	21.2	17	40351186	40428424
STAT6	6778	12:57489191-57505216	1	13.3	12	57489191	57505216
STIL	6491	1:47715814-47779812	1	33	1	47715814	47779812
STK11	6794	19:1205740-1228428	1	13.3	19	1205740	1228428
STRN	6801	2:37070783-37193615	1	22.2	2	37070783	37193615
SUFU	51684	10:104263744-104393292	1	24.32	10	104263744	104393292
SUZ12	23512	17:30264037-30328064	1	11.2	17	30264037	30328064
SYK	6850	9:93564069-93660831	1	22.2	9	93564069	93660831
TAF15	8148	17:34136459-34174246	1	12	17	34136459	34174246
TAL1	6886	1:47681964-47695443	1	33	1	47681964	47695443
TAL2	6887	9:108424738-108425367	1	31.2	9	108424738	108425367
TBL1XR1	79718	3:176737143-176914266	1	26.32	3	176737143	176914266
TBX3	6926	12:115108060-115121395	1	24.21	12	115108060	115121395
TCEA1	6917	8:54879116-54935089	1	11.23	8	54879116	54935089
TCF12	6938	15:57210821-57580712	1	21.3	15	57210821	57580712
TCF3	6929	19:1609293-1652604	1	13.3	19	1609293	1652604
TCF7L2	6934	10:114710009-114927437	1	25.3	10	114710009	114927437
TCL1A	8115	14:96176305-96180533	1	32.13	14	96176305	96180533
TEC	7006	4:48137800-48271881	2	12	4	48137800	48271881
TENT5C	54855	1:118148556-118170994	1	12	1	118148556	118170994
TERT	7015	5:1253282-1295162	1	15.33	5	1253282	1295162
TET1	80312	10:70320413-70454239	1	21.3	10	70320413	70454239
TET2	54790	4:106067450-106200973	1	24	4	106067450	106200973
TFE3	7030	X:48886242-48901012	1	11.23	X	48886242	48901012
TFEB	7942	6:41651716-41702798	1	21.1	6	41651716	41702798
TFG	10342	3:100428269-100467810	1	12.2	3	100428269	100467810
TFPT	29844	19:54610320-54619055	2	13.42	19	54610320	54619055
TFRC	7037	3:195776155-195809060	2	29	3	195776155	195809060
TGFBR2	7048	3:30648093-30735634	1	24.1	3	30648093	30735634
THRAP3	9967	1:36690017-36770958	2	34.3	1	36690017	36770958
TLX1	3195	10:102889257-102897545	1	24.31	10	102889257	102897545
TLX3	30012	5:170736288-170739138	1	35.1	5	170736288	170739138
TMEM127	55654	2:96914254-96931732	1	11.2	2	96914254	96931732
TMPRSS2	7113	21:42836480-42879992	1	22.3	21	42836480	42879992
TNC	3371	9:117782813-117880536	2	33.1	9	117782813	117880536
TNFAIP3	7128	6:138188581-138204449	1	23.3	6	138188581	138204449
TNFRSF14	8764	1:2487805-2495268	1	36.32	1	2487805	2495268
TNFRSF17	608	16:12058964-12061925	1	13.13	16	12058964	12061925
TOP1	7150	20:39657458-39753127	1	12	20	39657458	39753127
TP53	7157	17:7571720-7590856	1	13.1	17	7571720	7590856
TP63	8626	3:189349216-189615068	1	28	3	189349216	189615068
TPM3	7170	1:154139941-154164687	1	21.3	1	154139941	154164687
TPM4	7171	19:16178348-16213813	1	13.12	19	16178348	16213813
TPR	7175	1:186280784-186344457	1	31.1	1	186280784	186344457
TRA	6955	14:-	1	11.2	14	NA	NA
TRAF7	84231	16:2205766-2228130	1	13.3	16	2205766	2228130
TRB	6957	7:-	1	34	7	NA	NA
TRD	6964	14:-	1	11.2	14	NA	NA
TRIM24	8805	7:138145079-138274738	1	34	7	138145079	138274738
TRIM27	5987	6:28870779-28891766	1	22.1	6	28870779	28891766
TRIM33	51592	1:114935399-115053781	1	13.2	1	114935399	115053781
TRIP11	9321	14:92432335-92506403	1	32.12	14	92432335	92506403
TRRAP	8295	7:98476113-98610866	1	22.1	7	98476113	98610866
TSC1	7248	9:135766735-135820008	1	34.13	9	135766735	135820008
TSC2	7249	16:2097466-2138713	1	13.3	16	2097466	2138713
TSHR	7253	14:81421387-81612646	1	31.1	14	81421387	81612646
U2AF1	7307	21:44513066-44527697	1	22.3	21	44513066	44527697
UBR5	51366	8:103265240-103425069	1	22.3	8	103265240	103425069
USP44	84101	12:95910336-95945266	2	22	12	95910336	95945266
USP6	9098	17:5019733-5078286	1	13.2	17	5019733	5078286
USP8	9101	15:50716579-50793276	1	21.2	15	50716579	50793276
VAV1	7409	19:6772737-6857118	2	13.3	19	6772737	6857118
VHL	7428	3:10182692-10193904	1	25.3	3	10182692	10193904
VTI1A	143187	10:114207016-114578503	2	25.2	10	114207016	114578503
WAS	7454	X:48542168-48549818	1	11.23	X	48542168	48549818
WDCP	80304	2:24252210-24270223	1	23.3	2	24252210	24270223
WIF1	11197	12:65444406-65515346	1	14.3	12	65444406	65515346
WNK2	65268	9:95947212-96080553	2	22.31	9	95947212	96080553
WRN	7486	8:30891317-31031285	1	12	8	30891317	31031285
WT1	7490	11:32409321-32457176	1	13	11	32409321	32457176
WWTR1	25937	3:149235022-149421060	1	25.1	3	149235022	149421060
XPA	7507	9:100437191-100459639	1	22.33	9	100437191	100459639
XPC	7508	3:14186647-14220283	1	25.1	3	14186647	14220283
XPO1	7514	2:61704984-61765418	1	15	2	61704984	61765418
YWHAE	7531	17:1247566-1303672	1	13.3	17	1247566	1303672
ZBTB16	7704	11:113930315-114121398	1	23.2	11	113930315	114121398
ZCCHC8	55596	12:122957437-122985518	2	24.31	12	122957437	122985518
ZEB1	6935	10:31608101-31818741	2	11.22	10	31608101	31818741
ZFHX3	463	16:72816784-73082274	1	22.3	16	72816784	73082274
ZMYM2	7750	13:20532810-20665968	1	12.11	13	20532810	20665968
ZMYM3	9203	X:70459474-70474499	2	13.1	X	70459474	70474499
ZNF331	55422	19:54024278-54083523	1	13.42	19	54024278	54083523
ZNF384	171017	12:6775814-6798676	1	13.31	12	6775814	6798676
ZNF429	353088	19:21688366-21720880	2	12	19	21688366	21720880
ZNF479	90827	7:57187321-57207571	2	11.2	7	57187321	57207571
ZNF521	25925	18:22641890-22932116	1	11.2	18	22641890	22932116
ZNRF3	84133	22:29279580-29453475	2	12.1	22	29279580	29453475
ZRSR2	8233	X:15808595-15841383	1	22.2	X	15808595	15841383
