arm1	arm2	alltracount	bdtracount	cont	e2	log2ratio	amptracount
1q	8q	77	5	3	10	1.7796099315747	4
11q	17q	68	15	8	13	0.786596361890807	34
8q	11q	65	3	8	15	0.981852653289741	4
8q	17q	65	6	11	28	1.40351562938362	3
6q	8q	64	2	19	38	1.0703893278914	1
1p	8q	62	3	1	13	3.71149490665009	1
4q	8q	60	3	16	14	-0.036525876025114	0
8p	17q	57	10	2	6	1.63226821549951	17
1q	6q	56	1	12	4	-1.20645087746743	1
6q	11q	55	3	8	8	0.137503523749935	8
1q	17q	54	4	0	0	NA	2
6q	17q	54	2	5	4	-0.15200309344505	2
6p	8q	53	4	8	12	0.678071905112638	1
8q	14q	52	2	16	23	0.620586410451878	0
1p	2q	51	1	27	33	0.402964666978269	1
1p	2p	50	0	35	15	-0.919829651316017	0
14q	17q	50	1	16	29	0.93545974780529	0
1q	2q	49	3	19	21	0.269348179765996	3
1q	10q	49	2	1	9	3.18586654531133	0
1q	4q	46	0	26	8	-1.29444735846526	0
8p	11q	46	11	6	8	0.519374159093579	19
1p	17q	45	1	0	0	NA	0
8q	12q	44	3	4	14	1.84799690655495	4
1p	5q	43	1	10	16	0.765534746362977	0
6q	13q	43	1	6	6	0.137503523749935	0
8q	10q	43	3	10	8	-0.15200309344505	1
17q	20q	43	8	289	406	0.589614216076027	18
1p	4q	42	0	20	14	-0.321928094887362	0
1p	11q	42	1	2	2	0.137503523749935	0
3q	17q	42	6	0	0	NA	4
1p	8p	41	4	10	39	2	4
2p	8q	41	2	6	8	0.519374159093579	0
8q	13q	41	2	15	13	-0.0489096004809464	4
1q	11q	40	2	1	2	1.0703893278914	1
2q	6q	40	1	22	14	-0.441509710640035	2
2q	8q	40	2	17	12	-0.311358853177175	3
3p	17q	40	2	0	0	NA	5
5q	8q	40	1	8	17	1.15380533607904	1
8q	15q	40	0	7	7	0.137503523749935	0
12q	17q	40	3	15	15	0.137503523749935	5
1q	3q	39	5	7	20	1.56420394055436	1
3q	8q	39	0	11	18	0.796069114511089	0
4q	6q	39	4	28	17	-0.499926396865357	2
7q	8q	39	0	14	15	0.228268987673117	0
11q	12q	39	5	8	14	0.887525270741587	1
1q	7q	37	0	1	6	2.60880924267552	0
2q	4q	37	0	15	12	-0.15200309344505	0
6p	11q	37	0	1	2	1.0703893278914	0
6q	7q	37	1	16	25	0.733354340613827	0
1p	6q	36	4	2	6	1.63226821549951	2
1p	9q	36	0	2	0	-3.32192809488736	0
1p	10q	36	1	0	0	NA	1
1p	14q	36	1	0	0	NA	1
1q	14q	36	2	0	0	NA	1
15q	17q	36	2	15	23	0.70781924850669	3
17q	19p	36	5	7	8	0.313660478903762	8
17q	22q	36	4	9	13	0.627087976393833	4
1p	3q	35	0	14	20	0.612183969456181	0
1p	12q	35	1	7	0	-3.32192809488736	1
2p	3q	35	1	14	10	-0.296393002780225	1
2p	6q	35	1	7	10	0.612183969456181	1
3q	11q	35	1	14	12	-0.0631938264871941	0
11q	15q	35	0	4	4	0.137503523749935	0
13q	17q	35	4	17	28	0.804928184663064	2
17q	20p	35	5	4	2	-0.736965594166206	6
1p	3p	34	0	68	75	0.266566096804047	0
1q	2p	34	2	23	30	0.48990030374955	1
1q	5q	34	1	6	10	0.821029858954681	2
2p	17q	34	1	0	0	NA	4
3p	8q	34	2	15	20	0.519374159093579	1
4q	17q	34	3	13	12	0.0329146224727353	0
11p	17q	34	3	15	7	-0.819427754358179	4
11q	22q	34	3	0	0	NA	1
1p	7q	33	0	12	9	-0.234465253637023	0
1q	6p	33	0	20	29	0.632268215499513	0
1q	12q	33	1	2	2	0.137503523749935	1
5p	8q	33	0	11	2	-1.82716340313778	0
8q	Xq	33	3	27	29	0.231523433088577	0
9q	17q	33	2	4	20	2.35049724708413	1
14q	15q	33	1	95	96	0.151243580376237	1
16p	17q	33	2	11	13	0.358191638874134	4
1p	20q	32	1	0	0	NA	0
3q	6q	32	2	18	22	0.402964666978269	1
4q	11q	32	1	4	11	1.51096191927738	2
6q	14q	32	1	5	14	1.53605290024021	2
8q	19q	32	1	12	2	-1.90689059560852	1
8q	21q	32	3	0	0	NA	2
8q	22q	32	1	0	0	NA	0
1p	19q	31	1	0	0	NA	0
1q	3p	31	0	15	26	0.874469117916141	1
1q	15q	31	2	0	0	NA	0
7p	8q	31	0	16	8	-0.736965594166206	0
10q	17q	31	3	8	8	0.137503523749935	2
2q	7q	30	0	33	28	-0.0763033673131975	0
3p	6q	30	1	27	24	-0.0161196653632771	1
3q	10q	30	0	5	12	1.32192809488736	0
6p	17q	30	3	4	5	0.432959407276106	2
8q	9p	30	1	8	24	1.63226821549951	0
8q	9q	30	1	8	8	0.137503523749935	0
8q	16p	30	2	18	6	-1.20645087746743	1
16q	17q	30	5	4	13	1.74416109557041	4
1q	13q	29	3	0	0	NA	1
2q	17q	29	0	0	0	NA	0
3q	4q	29	0	18	10	-0.609210046967833	0
3q	7q	29	0	12	12	0.137503523749935	0
8q	11p	29	1	2	4	1.0703893278914	0
11q	13q	29	2	8	8	0.137503523749935	2
12q	14q	29	2	14	23	0.80145432061792	1
2q	3p	28	0	14	16	0.313660478903762	0
2q	11q	28	1	1	7	2.82781902461732	1
6q	8p	28	0	13	8	-0.483209001920423	0
8q	19p	28	3	33	29	-0.0309318595518909	1
8q	20q	28	2	19	24	0.446952679355606	0
9q	12q	28	0	14	25	0.915111102413487	0
11q	20q	28	1	6	10	0.821029858954681	2
2q	9q	27	1	12	2	-1.90689059560852	1
2q	13q	27	2	1	2	1.0703893278914	0
3q	15q	27	0	0	0	NA	0
4q	5q	27	1	26	24	0.0329146224727353	0
4q	20q	27	2	9	17	0.991962680934582	0
6p	12q	27	0	2	10	2.35049724708413	0
6q	10q	27	1	6	14	1.2829339632715	1
6q	11p	27	1	8	2	-1.51457317282976	0
6q	12q	27	1	17	22	0.479352312760558	1
7q	9q	27	0	23	16	-0.329790212660333	0
11q	16q	27	1	5	13	1.43295940727611	1
20q	22q	27	2	6	17	1.55254102302878	1
1p	10p	26	0	13	22	0.841818331625826	0
1p	15q	26	1	0	0	NA	0
5q	6p	26	0	3	4	0.519374159093579	0
6p	7q	26	0	12	19	0.751320887143276	0
7q	13q	26	0	6	4	-0.383328639551506	0
7q	17q	26	0	2	2	0.137503523749935	0
8p	13q	26	3	4	3	-0.234465253637023	1
10q	20q	26	0	17	16	0.0582146139452958	0
12q	15q	26	0	10	9	0	0
1p	19p	25	0	21	18	-0.0631938264871941	0
2p	7q	25	0	15	25	0.821029858954681	0
2q	6p	25	1	14	18	0.470629825242161	1
3p	11q	25	1	5	4	-0.15200309344505	1
5q	11q	25	1	12	21	0.887525270741587	1
6p	8p	25	0	1	2	1.0703893278914	0
6q	9q	25	2	10	7	-0.321928094887362	0
6q	15q	25	2	4	4	0.137503523749935	2
7p	10q	25	0	8	8	0.137503523749935	0
7p	15q	25	0	6	2	-1.20645087746743	0
8p	16q	25	2	0	0	NA	1
8q	12p	25	2	8	4	-0.736965594166206	0
14q	20q	25	0	34	42	0.417157551153213	0
17q	19q	25	3	11	27	1.35306660669627	4
1p	11p	24	0	21	28	0.519374159093579	0
1q	8p	24	2	29	26	-0.00498340751425566	0
2p	5q	24	0	8	6	-0.234465253637023	0
2q	10q	24	0	6	6	0.137503523749935	0
2q	12q	24	0	14	8	-0.574694165267329	0
3p	4q	24	0	54	43	-0.157952359776236	0
3q	5p	24	0	7	16	1.25442127552909	0
3q	6p	24	1	8	18	1.23266075679027	1
3q	14q	24	0	1	4	2.03562390973072	0
4q	13q	24	0	8	2	-1.51457317282976	0
6p	9q	24	1	10	2	-1.73696559416621	1
6p	15q	24	0	4	7	0.887525270741587	0
7q	11q	24	1	17	31	0.943755889360381	0
7q	12q	24	0	27	31	0.319789184131028	0
7q	14q	24	0	24	18	-0.234465253637023	0
8q	10p	24	1	9	12	0.519374159093579	1
8q	Xp	24	1	4	2	-0.736965594166206	0
9q	14q	24	1	6	9	0.678071905112638	0
10q	15q	24	0	8	10	0.432959407276106	0
12q	Xq	24	2	10	18	0.925999418556223	0
13q	21q	24	0	2	0	-3.32192809488736	0
1p	6p	23	1	10	24	1.32192809488736	1
1p	7p	23	0	42	46	0.25729803628465	0
1q	22q	23	1	0	0	NA	1
5p	6q	23	1	11	5	-0.850622375961773	0
6p	14q	23	0	12	18	0.678071905112638	0
6p	22q	23	2	0	0	NA	1
6q	20q	23	1	0	0	NA	1
9q	11q	23	0	14	14	0.137503523749935	0
11p	15q	23	1	2	0	-3.32192809488736	0
11q	17p	23	3	2	10	2.35049724708413	4
13q	14q	23	2	18	12	-0.383328639551506	3
14q	19q	23	1	10	17	0.84799690655495	1
17q	Xq	23	2	22	10	-0.850622375961773	2
19p	20q	23	1	10	19	1	1
22q	Xq	23	1	0	0	NA	0
1p	5p	22	1	18	29	0.774933444365227	0
1q	11p	22	0	22	16	-0.273565073325963	0
2p	6p	22	0	12	15	0.432959407276106	0
2p	14q	22	0	2	2	0.137503523749935	0
2q	3q	22	0	28	28	0.137503523749935	0
2q	12p	22	0	14	15	0.228268987673117	0
2q	14q	22	0	4	2	-0.736965594166206	0
2q	22q	22	0	0	0	NA	0
3p	10q	22	2	10	19	1	0
3q	12q	22	1	6	8	0.519374159093579	0
3q	Xq	22	1	5	6	0.37851162325373	0
4p	8q	22	1	6	10	0.821029858954681	0
4q	6p	22	0	6	20	1.7796099315747	0
4q	7q	22	0	47	35	-0.243521749422042	0
4q	9p	22	0	18	35	1.03170885972734	0
4q	14q	22	1	14	15	0.228268987673117	0
5q	6q	22	0	24	29	0.387730153283109	0
5q	17q	22	1	14	33	1.29698173775713	0
6p	Xq	22	0	7	6	-0.0631938264871941	0
6q	12p	22	0	6	17	1.55254102302878	0
6q	16q	22	1	2	6	1.63226821549951	0
6q	22q	22	2	0	0	NA	3
8p	17p	22	2	2	4	1.0703893278914	1
8p	20q	22	2	8	16	1.0703893278914	1
8q	18q	22	2	4	8	1.0703893278914	1
11q	12p	22	1	2	2	0.137503523749935	0
11q	16p	22	1	4	0	-3.32192809488736	1
11q	19p	22	2	1	12	3.59693514238723	1
11q	21q	22	2	0	0	NA	4
12p	17q	22	0	4	2	-0.736965594166206	0
12q	13q	22	3	14	17	0.394278939112046	2
17q	21q	22	2	5	2	-1	4
19p	22q	22	1	1	4	2.03562390973072	1
1q	7p	21	1	45	58	0.473931188332412	0
1q	16q	21	0	0	0	NA	0
1q	Xq	21	2	2	5	1.37851162325373	1
2p	12p	21	0	12	20	0.821029858954681	0
2q	15q	21	0	1	2	1.0703893278914	0
2q	Xp	21	0	8	17	1.15380533607904	0
3p	7q	21	0	23	16	-0.329790212660333	0
3p	8p	21	1	8	15	0.981852653289741	0
3q	5q	21	0	10	14	0.584962500721156	0
3q	11p	21	0	13	15	0.326360341202623	0
5q	8p	21	2	2	6	1.63226821549951	1
6q	7p	21	0	4	4	0.137503523749935	0
6q	18q	21	1	0	0	NA	1
7q	10q	21	0	18	24	0.519374159093579	0
8q	16q	21	0	10	21	1.13750352374994	0
9p	17q	21	1	2	0	-3.32192809488736	0
10p	12q	21	0	6	2	-1.20645087746743	0
10q	11q	21	3	18	15	-0.0995356735509144	4
10q	12q	21	3	14	15	0.228268987673117	4
11q	14q	21	0	9	10	0.276331228447252	0
13q	15q	21	1	17	9	-0.667923949736555	0
13q	18q	21	2	6	4	-0.383328639551506	1
13q	22q	21	1	5	0	-3.32192809488736	4
1p	16p	20	1	16	22	0.560714954474479	0
2p	3p	20	0	14	21	0.678071905112638	0
2q	9p	20	0	46	62	0.533888316126887	0
4q	12q	20	1	20	15	-0.234465253637023	0
5q	12q	20	0	10	18	0.925999418556223	0
5q	13q	20	1	4	8	1.0703893278914	0
6p	10q	20	0	10	3	-1.32192809488736	0
6p	19q	20	1	0	0	NA	3
6q	Xp	20	0	8	12	0.678071905112638	0
7p	17q	20	1	2	10	2.35049724708413	2
7q	8p	20	1	16	24	0.678071905112638	0
7q	19q	20	1	4	0	-3.32192809488736	1
7q	Xq	20	0	17	30	0.898948094001705	0
8q	17p	20	0	2	8	2.03562390973072	0
11p	13q	20	1	2	0	-3.32192809488736	1
12p	20q	20	1	12	19	0.751320887143276	0
15q	22q	20	1	1	5	2.35049724708413	1
1p	12p	19	0	23	26	0.299168191887507	0
1q	10p	19	0	39	21	-0.64732838168153	0
1q	20q	19	1	0	0	NA	1
1q	21q	19	1	0	0	NA	3
2p	15q	19	0	1	2	1.0703893278914	0
2q	5q	19	0	14	12	-0.0631938264871941	0
2q	16q	19	0	0	0	NA	0
2q	19q	19	1	0	0	NA	0
3p	13q	19	1	2	0	-3.32192809488736	1
3p	15q	19	0	0	0	NA	0
3p	22q	19	0	0	0	NA	0
3q	13q	19	0	3	6	1.0703893278914	0
4q	7p	19	0	18	10	-0.609210046967833	0
4q	10q	19	0	21	15	-0.296393002780225	0
5p	7q	19	0	1	8	3.01792190799726	0
5q	10q	19	1	8	7	-0.036525876025114	0
5q	15q	19	1	7	5	-0.296393002780225	0
5q	22q	19	0	0	0	NA	0
6p	10p	19	0	10	4	-1	0
6p	Xp	19	0	2	0	-3.32192809488736	0
8p	10q	19	2	2	2	0.137503523749935	1
9p	11q	19	0	9	4	-0.877143252214467	0
10p	17q	19	1	13	9	-0.335867285845236	0
11p	12q	19	2	9	6	-0.383328639551506	1
13q	Xq	19	0	2	10	2.35049724708413	0
15q	20q	19	1	26	27	0.187085552600496	3
15q	Xq	19	1	7	6	-0.0631938264871941	0
17q	18q	19	0	12	4	-1.20645087746743	0
1p	13q	18	1	0	0	NA	1
1p	21q	18	1	0	0	NA	0
1q	4p	18	1	33	16	-0.773865176977735	0
1q	5p	18	0	12	19	0.751320887143276	0
1q	19q	18	1	0	0	NA	0
2p	11p	18	1	8	22	1.51096191927738	1
2q	7p	18	0	22	20	0.0130561528254463	0
2q	18q	18	0	0	0	NA	0
2q	20q	18	0	0	0	NA	0
2q	Xq	18	0	8	10	0.432959407276106	0
3p	6p	18	0	8	15	0.981852653289741	0
3p	19q	18	0	0	0	NA	0
3q	10p	18	0	13	16	0.41226041460827	0
3q	18q	18	0	0	0	NA	0
4q	15q	18	0	6	5	-0.0995356735509144	0
5q	14q	18	1	24	18	-0.234465253637023	0
5q	Xp	18	1	1	14	3.81762325751143	1
6p	13q	18	0	4	4	0.137503523749935	0
6q	Xq	18	0	2	14	2.82781902461732	0
7q	15q	18	0	10	4	-1	0
10q	14q	18	1	6	14	1.2829339632715	3
11q	Xq	18	1	15	8	-0.658963082164933	0
12q	22q	18	1	1	2	1.0703893278914	0
13q	16q	18	0	8	6	-0.234465253637023	0
15q	19q	18	0	5	4	-0.15200309344505	0
16p	20q	18	1	11	22	1.0703893278914	1
19q	20q	18	3	15	19	0.450661409009565	2
1q	9q	17	0	2	4	1.0703893278914	0
2p	8p	17	1	4	6	0.678071905112638	1
2p	12q	17	0	4	0	-3.32192809488736	0
2p	22q	17	0	0	0	NA	0
2q	5p	17	0	12	10	-0.0995356735509144	0
2q	8p	17	0	24	28	0.341036917835067	0
2q	11p	17	0	24	23	0.0817940911636473	0
3p	5p	17	0	30	37	0.415037499278844	0
3p	10p	17	0	4	19	2.27798474729977	0
3q	4p	17	0	16	23	0.620586410451878	0
4q	5p	17	1	7	17	1.33832253313803	0
4q	10p	17	1	12	14	0.341036917835067	0
5q	Xq	17	0	19	17	-0.00761318410987521	0
7p	11q	17	0	6	6	0.137503523749935	0
7p	14q	17	0	2	6	1.63226821549951	0
7q	11p	17	1	6	17	1.55254102302878	1
8p	9p	17	2	71	69	0.100077429111501	2
8p	15q	17	0	2	0	-3.32192809488736	0
8p	16p	17	2	2	4	1.0703893278914	1
9q	10q	17	0	6	13	1.18057224564182	0
9q	19q	17	0	1	7	2.82781902461732	0
10q	13q	17	0	1	4	2.03562390973072	0
10q	21q	17	0	1	2	1.0703893278914	0
11q	19q	17	0	1	2	1.0703893278914	0
12q	16p	17	0	10	8	-0.15200309344505	0
13q	20q	17	0	24	29	0.387730153283109	0
15q	16q	17	0	8	21	1.44625622988956	0
16q	20q	17	1	8	7	-0.036525876025114	1
17p	20q	17	3	19	32	0.835285854805396	1
17q	Xp	17	1	1	4	2.03562390973072	1
18q	21q	17	1	2	0	-3.32192809488736	0
18q	22q	17	0	2	2	0.137503523749935	0
1p	22q	16	2	0	0	NA	1
1q	12p	16	1	20	38	1	1
1q	18q	16	0	0	0	NA	0
2p	4q	16	0	8	12	0.678071905112638	0
2p	9q	16	0	7	8	0.313660478903762	0
2q	10p	16	2	16	12	-0.234465253637023	2
2q	21q	16	0	0	0	NA	0
3p	11p	16	0	27	25	0.0369265689983574	0
3q	19p	16	0	22	17	-0.196397212803504	0
4q	8p	16	2	2	6	1.63226821549951	1
4q	11p	16	0	8	17	1.15380533607904	0
4q	21q	16	0	0	0	NA	0
5p	15q	16	1	7	10	0.612183969456181	0
5q	7p	16	0	4	6	0.678071905112638	0
5q	18q	16	0	1	2	1.0703893278914	0
6p	16q	16	0	2	4	1.0703893278914	0
6q	10p	16	0	10	5	-0.736965594166206	0
6q	19q	16	0	2	0	-3.32192809488736	0
7p	8p	16	1	5	4	-0.15200309344505	0
7p	13q	16	0	4	3	-0.234465253637023	0
7p	18q	16	1	1	2	1.0703893278914	0
8p	19q	16	3	0	0	NA	1
8p	22q	16	1	0	0	NA	0
10p	13q	16	0	1	2	1.0703893278914	0
10q	11p	16	1	2	4	1.0703893278914	0
12q	19q	16	0	0	0	NA	0
12q	20q	16	4	21	32	0.69938241135805	7
14q	18q	16	0	16	12	-0.234465253637023	0
14q	22q	16	1	7	11	0.741081702638438	0
15q	19p	16	0	1	2	1.0703893278914	0
17q	18p	16	2	6	15	1.37851162325373	4
1q	16p	15	1	28	22	-0.175086706558091	0
1q	20p	15	0	52	55	0.211251863731248	0
2p	11q	15	0	4	0	-3.32192809488736	0
2p	Xq	15	0	11	5	-0.850622375961773	0
2q	19p	15	0	48	49	0.164571766948106	0
2q	20p	15	1	37	69	0.974430093403282	0
3p	4p	15	1	20	15	-0.234465253637023	2
3p	9q	15	0	8	13	0.786596361890807	0
3p	20q	15	0	0	0	NA	0
3q	22q	15	1	0	0	NA	0
4q	9q	15	0	170	174	0.168037891898047	0
4q	18q	15	1	0	0	NA	0
6p	12p	15	0	6	4	-0.383328639551506	0
6p	17p	15	1	20	22	0.263034405833794	0
6q	21q	15	0	0	0	NA	0
7q	21q	15	0	0	0	NA	0
8p	12q	15	0	1	6	2.60880924267552	0
8p	18q	15	1	0	0	NA	1
10p	11q	15	0	9	19	1.14477152421397	0
11p	21q	15	0	0	0	NA	0
13q	17p	15	0	39	45	0.326360341202623	0
13q	Xp	15	0	0	0	NA	0
14q	16q	15	0	27	39	0.627087976393833	0
14q	17p	15	1	2	6	1.63226821549951	2
14q	19p	15	1	2	4	1.0703893278914	0
15q	16p	15	0	2	2	0.137503523749935	0
1p	9p	14	0	12	34	1.55254102302878	0
1p	16q	14	0	0	0	NA	0
1p	18q	14	0	0	0	NA	0
1q	9p	14	0	41	56	0.55174108120574	0
1q	Xp	14	0	12	12	0.137503523749935	0
2p	9p	14	0	11	6	-0.631612594019978	0
2p	10p	14	0	2	2	0.137503523749935	0
2p	10q	14	0	2	10	2.35049724708413	0
3q	7p	14	0	23	21	0.0186960937099049	0
3q	9q	14	1	10	6	-0.514573172829758	0
3q	12p	14	0	18	15	-0.0995356735509144	0
3q	Xp	14	0	10	15	0.678071905112638	0
4p	11q	14	2	6	5	-0.0995356735509144	1
4p	17q	14	1	6	7	0.341036917835067	1
4q	19q	14	0	2	2	0.137503523749935	0
4q	Xq	14	0	24	21	-0.036525876025114	0
5p	17q	14	0	4	4	0.137503523749935	0
5q	9q	14	0	9	12	0.519374159093579	0
5q	16q	14	0	13	4	-1.29444735846526	0
5q	19p	14	1	10	28	1.53605290024021	1
6q	16p	14	0	4	6	0.678071905112638	0
7p	Xq	14	0	8	9	0.292781749227846	0
7q	22q	14	0	0	0	NA	0
8p	9q	14	1	6	7	0.341036917835067	0
8p	11p	14	0	1	3	1.63226821549951	0
8p	12p	14	3	2	4	1.0703893278914	1
8p	21q	14	0	0	0	NA	0
10q	16p	14	0	2	4	1.0703893278914	0
10q	18q	14	0	2	2	0.137503523749935	0
10q	22q	14	0	1	4	2.03562390973072	0
10q	Xp	14	1	1	5	2.35049724708413	1
11q	18q	14	0	1	3	1.63226821549951	0
11q	Xp	14	1	4	5	0.432959407276106	2
15q	18q	14	0	4	2	-0.736965594166206	0
16p	22q	14	0	1	2	1.0703893278914	0
16q	19p	14	0	20	5	-1.51457317282976	0
20q	21q	14	2	7	5	-0.296393002780225	1
2p	18q	13	0	0	0	NA	0
2p	19q	13	1	0	0	NA	1
3p	12p	13	0	30	23	-0.206450877467426	0
3p	18q	13	0	0	0	NA	0
3p	Xp	13	0	18	19	0.208586621811418	0
3p	Xq	13	0	14	25	0.915111102413487	0
3q	16q	13	0	0	0	NA	0
4p	6p	13	0	1	8	3.01792190799726	0
4p	6q	13	0	4	9	1.23266075679027	0
4p	12q	13	1	2	6	1.63226821549951	1
4p	13q	13	0	0	0	NA	0
4p	15q	13	0	4	0	-3.32192809488736	0
4q	16p	13	1	16	16	0.137503523749935	0
5p	8p	13	2	4	2	-0.736965594166206	0
5q	12p	13	0	11	11	0.137503523749935	0
5q	16p	13	0	12	12	0.137503523749935	0
6p	7p	13	0	4	6	0.678071905112638	0
6p	20q	13	1	0	0	NA	2
6q	17p	13	1	14	16	0.313660478903762	1
7p	22q	13	0	0	0	NA	0
7p	Xp	13	1	1	4	2.03562390973072	0
7q	16q	13	0	12	19	0.751320887143276	0
8p	19p	13	3	6	36	2.60880924267552	3
8p	Xp	13	2	0	0	NA	2
9p	10q	13	0	5	6	0.37851162325373	0
9p	15q	13	0	2	0	-3.32192809488736	0
9p	20q	13	0	2	0	-3.32192809488736	0
9q	12p	13	0	4	4	0.137503523749935	0
9q	13q	13	1	9	0	-3.32192809488736	0
9q	15q	13	0	6	8	0.519374159093579	0
9q	22q	13	1	0	0	NA	1
9q	Xq	13	0	4	10	1.37851162325373	0
10q	16q	13	1	2	8	2.03562390973072	1
11p	16q	13	0	2	4	1.0703893278914	0
11p	22q	13	0	0	0	NA	0
12p	13q	13	0	6	4	-0.383328639551506	0
12p	16q	13	1	1	5	2.35049724708413	1
14q	Xp	13	0	1	2	1.0703893278914	0
14q	Xq	13	0	14	11	-0.175086706558091	0
15q	Xp	13	0	0	0	NA	0
21q	22q	13	0	2	2	0.137503523749935	0
1p	4p	12	0	20	32	0.765534746362977	0
1p	Xp	12	1	23	19	-0.110780430718537	1
2p	13q	12	0	1	2	1.0703893278914	0
2p	16p	12	0	20	22	0.263034405833794	0
2q	4p	12	0	11	25	1.24654628304522	0
2q	18p	12	0	8	8	0.137503523749935	0
3p	17p	12	0	69	85	0.413468499623503	0
3q	19q	12	0	0	0	NA	0
3q	20p	12	0	23	20	-0.0445901510240706	0
3q	20q	12	0	0	0	NA	0
4p	21q	12	0	0	0	NA	0
5q	7q	12	0	23	35	0.697541769310863	0
5q	21q	12	0	0	0	NA	0
6p	11p	12	0	4	7	0.887525270741587	0
6p	16p	12	0	2	2	0.137503523749935	0
6p	21q	12	1	0	0	NA	0
7p	9q	12	0	6	6	0.137503523749935	0
7p	20q	12	0	1	3	1.63226821549951	0
7q	10p	12	0	8	17	1.15380533607904	0
7q	12p	12	0	10	15	0.678071905112638	0
8p	10p	12	0	4	2	-0.736965594166206	0
8p	14q	12	1	8	6	-0.234465253637023	2
8p	20p	12	1	1	9	3.18586654531133	1
8p	Xq	12	0	6	11	0.951090399519054	0
9q	16q	12	0	8	4	-0.736965594166206	0
10p	18q	12	0	0	0	NA	0
10p	20q	12	0	11	11	0.137503523749935	0
10p	22q	12	0	0	0	NA	0
10q	12p	12	0	2	2	0.137503523749935	0
10q	19p	12	0	4	4	0.137503523749935	0
10q	19q	12	0	4	6	0.678071905112638	0
11p	14q	12	0	4	6	0.678071905112638	0
11p	20q	12	0	2	0	-3.32192809488736	0
12q	19p	12	1	8	7	-0.036525876025114	0
12q	21q	12	0	1	2	1.0703893278914	0
13q	19p	12	0	2	2	0.137503523749935	0
15q	20p	12	2	0	0	NA	1
15q	21q	12	0	2	2	0.137503523749935	0
16p	19q	12	0	5	8	0.765534746362977	0
17p	19p	12	1	0	0	NA	0
17p	21q	12	0	0	0	NA	0
19q	Xq	12	0	10	5	-0.736965594166206	0
20p	22q	12	0	1	3	1.63226821549951	0
1p	20p	11	0	51	90	0.898948094001705	0
1p	Xq	11	0	0	0	NA	0
1q	19p	11	0	23	10	-0.902975545605135	0
2p	7p	11	0	12	21	0.887525270741587	0
3p	14q	11	0	6	6	0.137503523749935	0
3p	19p	11	1	24	33	0.560714954474479	1
3q	8p	11	2	10	13	0.485426827170242	1
4p	7p	11	0	6	0	-3.32192809488736	0
4p	20q	11	0	4	2	-0.736965594166206	0
4q	16q	11	0	1	6	2.60880924267552	0
4q	20p	11	0	190	232	0.401687945619824	0
5p	6p	11	0	6	2	-1.20645087746743	0
5p	9p	11	0	3	4	0.519374159093579	0
5p	11q	11	1	9	8	-0.0161196653632771	0
5p	13q	11	0	2	6	1.63226821549951	0
5p	22q	11	0	0	0	NA	0
5q	20q	11	0	15	19	0.450661409009565	0
6p	18q	11	0	0	0	NA	0
7p	11p	11	0	12	6	-0.736965594166206	0
7p	12p	11	0	6	8	0.519374159093579	0
7q	20q	11	1	1	2	1.0703893278914	0
7q	Xp	11	1	16	16	0.137503523749935	0
8q	20p	11	0	8	4	-0.736965594166206	0
9p	10p	11	1	2	0	-3.32192809488736	0
9p	12p	11	0	14	10	-0.296393002780225	0
9p	12q	11	0	9	4	-0.877143252214467	0
9p	19q	11	0	0	0	NA	0
10p	12p	11	0	2	4	1.0703893278914	0
10p	15q	11	0	2	4	1.0703893278914	0
10p	Xq	11	0	13	7	-0.64732838168153	0
10q	20p	11	0	6	6	0.137503523749935	0
11p	18q	11	0	0	0	NA	0
11p	Xp	11	1	12	6	-0.736965594166206	0
11q	18p	11	1	4	7	0.887525270741587	1
11q	20p	11	0	15	10	-0.383328639551506	0
12p	14q	11	2	6	6	0.137503523749935	2
12p	15q	11	0	2	4	1.0703893278914	0
12p	20p	11	1	0	0	NA	1
12p	22q	11	0	0	0	NA	0
12q	16q	11	0	6	13	1.18057224564182	0
12q	17p	11	0	4	9	1.23266075679027	0
12q	20p	11	1	6	4	-0.383328639551506	0
16p	19p	11	0	2	11	2.48542682717024	0
16q	22q	11	0	0	0	NA	0
16q	Xp	11	0	4	0	-3.32192809488736	0
17p	19q	11	0	1	3	1.63226821549951	0
17p	22q	11	2	1	6	2.60880924267552	1
18q	19q	11	0	8	0	-3.32192809488736	0
18q	20p	11	0	1	2	1.0703893278914	0
19p	21q	11	1	2	2	0.137503523749935	0
19q	22q	11	2	1	2	1.0703893278914	2
2p	19p	10	0	13	9	-0.335867285845236	0
2p	20p	10	0	26	39	0.678071905112638	0
2p	Xp	10	0	18	9	-0.736965594166206	0
3p	5q	10	0	19	8	-0.940498988251338	0
3p	7p	10	0	24	42	0.887525270741587	0
3p	16p	10	0	13	28	1.17238904139379	0
3p	21q	10	0	0	0	NA	0
3q	9p	10	0	15	15	0.137503523749935	0
4p	7q	10	0	25	21	-0.0892673380970874	0
4p	16q	10	1	17	0	-3.32192809488736	0
4p	19p	10	0	5	7	0.584962500721156	0
4q	22q	10	0	0	0	NA	0
4q	Xp	10	1	4	4	0.137503523749935	1
5p	10p	10	0	4	0	-3.32192809488736	0
5p	12q	10	0	8	5	-0.46394709975979	0
5p	14q	10	0	2	6	1.63226821549951	0
5p	16q	10	0	5	6	0.37851162325373	0
5p	20q	10	0	6	10	0.821029858954681	0
5p	Xp	10	0	1	2	1.0703893278914	0
5q	10p	10	0	6	10	0.821029858954681	0
6p	9p	10	1	6	6	0.137503523749935	1
6p	18p	10	0	1	6	2.60880924267552	0
6q	19p	10	0	16	42	1.44625622988956	0
7q	9p	10	1	18	26	0.627087976393833	0
7q	18q	10	0	4	0	-3.32192809488736	0
7q	19p	10	0	18	22	0.402964666978269	0
7q	20p	10	1	50	48	0.0840642647884746	0
9q	Xp	10	0	4	4	0.137503523749935	0
10p	16q	10	1	4	8	1.0703893278914	1
11p	17p	10	0	5	5	0.137503523749935	0
12p	Xq	10	0	13	11	-0.0798533076892147	0
12q	Xp	10	0	8	0	-3.32192809488736	0
16q	17p	10	3	4	8	1.0703893278914	0
18q	20q	10	0	30	23	-0.206450877467426	0
20q	Xp	10	1	4	8	1.0703893278914	0
1q	17p	9	0	24	28	0.341036917835067	0
2p	17p	9	0	13	19	0.642968104156722	0
2p	20q	9	0	0	0	NA	0
2q	17p	9	0	18	18	0.137503523749935	0
3p	12q	9	1	9	12	0.519374159093579	6
3p	16q	9	0	0	0	NA	0
3p	20p	9	0	86	124	0.624672210523127	0
4p	14q	9	0	12	8	-0.383328639551506	0
4p	18q	9	0	2	0	-3.32192809488736	0
4q	12p	9	0	13	12	0.0329146224727353	0
5p	16p	9	0	2	9	2.20163386116965	0
5p	19q	9	0	2	0	-3.32192809488736	0
5p	21q	9	0	0	0	NA	0
5p	Xq	9	0	17	6	-1.1426043954428	0
5q	9p	9	1	22	7	-1.25779775746765	0
5q	20p	9	0	22	14	-0.441509710640035	0
6q	9p	9	0	10	13	0.485426827170242	0
6q	20p	9	1	39	39	0.137503523749935	1
7p	10p	9	0	4	4	0.137503523749935	0
7p	12q	9	0	14	8	-0.574694165267329	0
8q	18p	9	0	7	6	-0.0631938264871941	0
9p	14q	9	1	11	0	-3.32192809488736	1
9p	16p	9	0	9	28	1.683072586171	0
9p	Xp	9	0	2	2	0.137503523749935	0
10p	14q	9	1	2	9	2.20163386116965	0
10p	16p	9	0	2	0	-3.32192809488736	0
10p	19p	9	0	13	6	-0.832543254148437	0
10p	Xp	9	1	0	0	NA	0
10q	Xq	9	0	6	0	-3.32192809488736	0
11p	16p	9	0	9	11	0.402964666978269	0
11p	20p	9	0	6	8	0.519374159093579	0
11p	Xq	9	0	15	6	-1	0
12p	21q	9	1	2	2	0.137503523749935	0
12q	18q	9	0	6	2	-1.20645087746743	0
13q	16p	9	0	1	3	1.63226821549951	0
13q	19q	9	0	6	0	-3.32192809488736	0
14q	16p	9	0	4	6	0.678071905112638	0
18q	19p	9	1	2	0	-3.32192809488736	2
19q	20p	9	0	6	2	-1.20645087746743	0
19q	21q	9	0	3	0	-3.32192809488736	0
20p	21q	9	2	0	0	NA	0
1p	18p	8	1	18	11	-0.491853096329675	1
2p	4p	8	0	7	4	-0.574694165267329	0
2p	16q	8	0	0	0	NA	0
2p	21q	8	0	0	0	NA	0
3q	17p	8	2	25	43	0.863938450423972	1
3q	21q	8	0	0	0	NA	0
4p	5q	8	0	4	8	1.0703893278914	0
4p	8p	8	0	1	6	2.60880924267552	0
4p	22q	8	0	0	0	NA	0
5p	7p	8	0	1	2	1.0703893278914	0
5q	19q	8	0	6	0	-3.32192809488736	0
6p	19p	8	0	5	5	0.137503523749935	0
6p	20p	8	0	10	7	-0.321928094887362	0
7p	9p	8	0	15	15	0.137503523749935	0
7p	16q	8	0	2	6	1.63226821549951	0
8p	18p	8	1	1	4	2.03562390973072	0
9p	11p	8	0	11	31	1.54506977359764	0
9p	13q	8	0	2	5	1.37851162325373	0
9p	16q	8	0	2	0	-3.32192809488736	0
9p	Xq	8	0	27	37	0.556179600092127	0
9q	11p	8	1	4	8	1.0703893278914	1
9q	18q	8	0	4	0	-3.32192809488736	0
10q	17p	8	1	4	4	0.137503523749935	1
11p	12p	8	0	12	23	1.01197264166608	0
11p	19p	8	0	7	18	1.41761144294267	0
12p	18q	8	0	2	0	-3.32192809488736	0
13q	18p	8	0	1	2	1.0703893278914	0
15q	17p	8	1	1	2	1.0703893278914	0
16q	Xq	8	0	4	0	-3.32192809488736	0
18q	Xq	8	0	2	0	-3.32192809488736	0
19p	Xq	8	0	4	9	1.23266075679027	0
20q	Xq	8	0	6	2	-1.20645087746743	0
21q	Xp	8	0	0	0	NA	0
2q	16p	7	0	17	14	-0.114770187246075	0
3p	9p	7	0	42	65	0.720382709970602	0
3q	18p	7	0	11	14	0.457045025800419	0
4p	9q	7	0	4	4	0.137503523749935	0
4p	10q	7	0	6	7	0.341036917835067	0
4p	20p	7	0	7	29	2.0850361038558	0
4p	Xp	7	0	1	6	2.60880924267552	0
4q	17p	7	0	4	6	0.678071905112638	0
4q	19p	7	0	14	24	0.859401669827199	0
5p	9q	7	0	4	13	1.74416109557041	0
5p	10q	7	1	2	4	1.0703893278914	1
5q	11p	7	0	5	15	1.63226821549951	0
7p	16p	7	0	8	9	0.292781749227846	0
7p	19p	7	0	11	10	0.0130561528254463	0
7p	20p	7	0	76	87	0.315840765008447	0
9p	18q	7	0	2	2	0.137503523749935	0
9p	19p	7	0	59	102	0.870908005238813	0
9q	10p	7	0	4	6	0.678071905112638	0
9q	19p	7	0	4	6	0.678071905112638	0
10p	20p	7	0	1	4	2.03562390973072	0
10q	18p	7	0	24	25	0.191141487352008	0
11p	18p	7	0	1	3	1.63226821549951	0
11p	19q	7	0	1	2	1.0703893278914	0
12p	16p	7	0	2	6	1.63226821549951	0
13q	20p	7	2	0	0	NA	0
13q	21p	7	0	1	2	1.0703893278914	0
14q	18p	7	1	6	0	-3.32192809488736	0
16q	21q	7	0	4	0	-3.32192809488736	0
18p	19q	7	1	4	2	-0.736965594166206	1
1p	17p	6	0	55	73	0.513261035366968	0
2p	5p	6	1	4	8	1.0703893278914	1
3q	16p	6	0	7	23	1.75946023195329	0
4p	10p	6	0	2	2	0.137503523749935	0
4p	11p	6	0	4	4	0.137503523749935	0
4p	12p	6	0	11	0	-3.32192809488736	0
4q	18p	6	0	6	8	0.519374159093579	0
5p	11p	6	0	6	8	0.519374159093579	0
5p	12p	6	0	6	7	0.341036917835067	0
6q	18p	6	0	6	4	-0.383328639551506	0
7p	21q	6	0	0	0	NA	0
9q	18p	6	0	2	8	2.03562390973072	0
9q	21q	6	0	0	0	NA	0
10p	18p	6	0	0	0	NA	0
12p	18p	6	0	8	2	-1.51457317282976	0
12p	19q	6	0	0	0	NA	0
14q	20p	6	0	2	4	1.0703893278914	0
14q	21q	6	0	2	10	2.35049724708413	0
16p	17p	6	1	8	12	0.678071905112638	0
16p	18q	6	0	1	6	2.60880924267552	0
16p	20p	6	0	2	2	0.137503523749935	0
16p	21q	6	0	2	0	-3.32192809488736	0
16q	20p	6	0	5	4	-0.15200309344505	0
17p	20p	6	1	0	0	NA	2
17p	Xp	6	0	0	0	NA	0
18p	21q	6	1	2	0	-3.32192809488736	0
18p	Xp	6	0	0	0	NA	0
19p	20p	6	0	1	8	3.01792190799726	0
21q	Xq	6	0	2	0	-3.32192809488736	0
1q	18p	5	0	14	20	0.612183969456181	0
4p	16p	5	0	6	4	-0.383328639551506	0
4p	19q	5	1	0	0	NA	0
5p	19p	5	0	4	5	0.432959407276106	0
7p	17p	5	0	85	103	0.391508963782603	0
7p	19q	5	0	4	0	-3.32192809488736	0
7q	16p	5	0	15	18	0.37851162325373	0
9p	17p	5	2	22	22	0.137503523749935	2
9q	20q	5	1	10	25	1.37851162325373	1
10p	11p	5	0	2	5	1.37851162325373	0
10p	21q	5	0	0	0	NA	0
16q	18p	5	0	2	0	-3.32192809488736	0
17p	18q	5	0	3	2	-0.383328639551506	0
17q	21p	5	1	13	10	-0.202188850613267	1
18q	Xp	5	0	0	0	NA	0
1p	21p	4	0	6	10	0.821029858954681	0
2p	18p	4	0	13	4	-1.29444735846526	0
3p	18p	4	0	12	8	-0.383328639551506	0
4p	9p	4	0	1	2	1.0703893278914	0
4p	Xq	4	0	2	4	1.0703893278914	0
5p	18q	4	0	0	0	NA	0
5p	20p	4	0	4	6	0.678071905112638	0
5q	18p	4	0	4	6	0.678071905112638	0
7p	18p	4	0	6	2	-1.20645087746743	0
7q	17p	4	0	29	42	0.630662544726213	0
7q	18p	4	0	20	38	1	0
9p	18p	4	0	1	3	1.63226821549951	0
9p	21q	4	0	0	0	NA	0
9q	16p	4	0	10	8	-0.15200309344505	0
9q	17p	4	0	10	29	1.58496250072116	0
9q	20p	4	0	41	44	0.230412984264596	0
10p	17p	4	0	1	2	1.0703893278914	0
11q	21p	4	0	4	6	0.678071905112638	0
12p	19p	4	0	4	2	-0.736965594166206	0
12p	Xp	4	0	0	0	NA	0
12q	21p	4	0	4	2	-0.736965594166206	0
16p	Xp	4	0	4	2	-0.736965594166206	0
16q	18q	4	0	0	0	NA	0
17p	Xq	4	0	1	2	1.0703893278914	0
18p	20q	4	1	1	9	3.18586654531133	1
18p	22q	4	0	1	2	1.0703893278914	0
19p	Xp	4	0	2	0	-3.32192809488736	0
19q	Xp	4	0	1	2	1.0703893278914	0
20p	Xp	4	0	3	0	-3.32192809488736	0
22q	Xp	4	0	0	0	NA	0
4p	5p	3	0	4	2	-0.736965594166206	0
5p	17p	3	0	2	4	1.0703893278914	0
5p	18p	3	0	2	2	0.137503523749935	0
5q	17p	3	0	2	2	0.137503523749935	0
8p	21p	3	0	14	15	0.228268987673117	0
9p	20p	3	0	9	28	1.683072586171	0
10p	19q	3	0	0	0	NA	0
12q	18p	3	0	1	4	2.03562390973072	0
14q	21p	3	0	0	0	NA	0
15q	18p	3	0	9	12	0.519374159093579	0
16p	Xq	3	0	0	0	NA	0
16q	19q	3	0	6	8	0.519374159093579	0
17p	18p	3	0	0	0	NA	0
18p	19p	3	0	1	3	1.63226821549951	0
18p	20p	3	0	2	0	-3.32192809488736	0
18p	Xq	3	0	1	2	1.0703893278914	0
19q	21p	3	0	54	51	0.0627357553479627	0
1q	21p	2	0	100	130	0.485426827170242	0
4p	17p	2	0	6	10	0.821029858954681	0
4p	18p	2	0	5	8	0.765534746362977	0
8q	21p	2	0	2	8	2.03562390973072	0
9p	22q	2	0	0	0	NA	0
15q	21p	2	0	16	16	0.137503523749935	0
20p	21p	2	0	2	6	1.63226821549951	0
20p	Xq	2	0	4	0	-3.32192809488736	0
20q	21p	2	0	115	133	0.329435631556304	0
21p	Xp	2	0	0	0	NA	0
2p	Yp	1	0	0	0	NA	0
2q	21p	1	0	19	38	1.0703893278914	0
3p	21p	1	0	49	55	0.289774253786215	0
9p	21p	1	0	13	19	0.642968104156722	0
12p	17p	1	0	1	2	1.0703893278914	0
13q	Yq	1	0	0	0	NA	0
16p	18p	1	0	1	8	3.01792190799726	0
16p	21p	1	0	4	0	-3.32192809488736	0
16q	21p	1	0	6	4	-0.383328639551506	0
18p	21p	1	0	4	2	-0.736965594166206	0
19p	21p	1	0	15	11	-0.263034405833794	0
21p	22q	1	0	13	9	-0.335867285845236	0
21p	Xq	1	0	1	2	1.0703893278914	0
22q	Yq	1	0	0	0	NA	0
Xq	Yq	1	0	0	0	NA	0
1p	13p	0	0	14	24	0.859401669827199	0
1p	14p	0	0	20	28	0.584962500721156	0
1p	15p	0	0	18	22	0.402964666978269	0
1p	22p	0	0	4	4	0.137503523749935	0
1p	Yp	0	0	0	0	NA	0
1p	Yq	0	0	0	0	NA	0
1q	13p	0	0	7	18	1.41761144294267	0
1q	14p	0	0	35	46	0.500073603134643	0
1q	15p	0	0	24	19	-0.165423609207372	0
1q	22p	0	0	9	12	0.519374159093579	0
1q	Yp	0	0	0	0	NA	0
1q	Yq	0	0	0	0	NA	0
2p	13p	0	0	2	8	2.03562390973072	0
2p	14p	0	0	20	18	0	0
2p	15p	0	0	12	15	0.432959407276106	0
2p	21p	0	0	4	2	-0.736965594166206	0
2p	22p	0	0	4	10	1.37851162325373	0
2p	Yq	0	0	0	0	NA	0
2q	13p	0	0	16	24	0.678071905112638	0
2q	14p	0	0	12	11	0.0238467419543677	0
2q	15p	0	0	11	20	0.939739475182526	0
2q	22p	0	0	8	11	0.560714954474479	0
2q	Yp	0	0	0	0	NA	0
2q	Yq	0	0	0	0	NA	0
3p	13p	0	0	10	24	1.32192809488736	0
3p	14p	0	0	27	27	0.137503523749935	0
3p	15p	0	0	16	19	0.364572432295856	0
3p	22p	0	0	1	11	3.47248777146274	0
3p	Yp	0	0	0	0	NA	0
3p	Yq	0	0	0	0	NA	0
3q	13p	0	0	16	19	0.364572432295856	0
3q	14p	0	0	22	31	0.593679717822265	0
3q	15p	0	0	14	26	0.96874906601556	0
3q	21p	0	0	5	6	0.37851162325373	0
3q	22p	0	0	2	0	-3.32192809488736	0
3q	Yp	0	0	0	0	NA	0
3q	Yq	0	0	0	0	NA	0
4p	13p	0	0	2	2	0.137503523749935	0
4p	14p	0	0	6	2	-1.20645087746743	0
4p	15p	0	0	0	0	NA	0
4p	21p	0	0	7	9	0.470629825242161	0
4p	22p	0	0	1	2	1.0703893278914	0
4p	Yp	0	0	0	0	NA	0
4p	Yq	0	0	0	0	NA	0
4q	13p	0	0	8	2	-1.51457317282976	0
4q	14p	0	0	10	10	0.137503523749935	0
4q	15p	0	0	1	10	3.33628338786443	0
4q	21p	0	0	4	6	0.678071905112638	0
4q	22p	0	0	6	7	0.341036917835067	0
4q	Yp	0	0	0	0	NA	0
4q	Yq	0	0	0	0	NA	0
5p	13p	0	0	2	2	0.137503523749935	0
5p	14p	0	0	3	4	0.519374159093579	0
5p	15p	0	0	2	2	0.137503523749935	0
5p	21p	0	0	10	4	-1	0
5p	22p	0	0	5	3	-0.514573172829758	0
5p	Yp	0	0	0	0	NA	0
5p	Yq	0	0	0	0	NA	0
5q	13p	0	0	6	4	-0.383328639551506	0
5q	14p	0	0	1	12	3.59693514238723	0
5q	15p	0	0	4	2	-0.736965594166206	0
5q	21p	0	0	21	38	0.933212908788798	0
5q	22p	0	0	13	0	-3.32192809488736	0
5q	Yp	0	0	0	0	NA	0
5q	Yq	0	0	0	0	NA	0
6p	13p	0	0	14	2	-2.04182017569463	0
6p	14p	0	0	4	10	1.37851162325373	0
6p	15p	0	0	14	0	-3.32192809488736	0
6p	21p	0	0	1	6	2.60880924267552	0
6p	22p	0	0	1	4	2.03562390973072	0
6p	Yp	0	0	0	0	NA	0
6p	Yq	0	0	0	0	NA	0
6q	13p	0	0	4	2	-0.736965594166206	0
6q	14p	0	0	10	23	1.26303440583379	0
6q	15p	0	0	6	4	-0.383328639551506	0
6q	21p	0	0	4	18	2.20163386116965	0
6q	22p	0	0	2	2	0.137503523749935	0
6q	Yp	0	0	0	0	NA	0
6q	Yq	0	0	0	0	NA	0
7p	13p	0	0	4	6	0.678071905112638	0
7p	14p	0	0	6	6	0.137503523749935	0
7p	15p	0	0	4	5	0.432959407276106	0
7p	21p	0	0	51	56	0.260675132959872	0
7p	22p	0	0	7	13	0.96874906601556	0
7p	Yp	0	0	0	0	NA	0
7p	Yq	0	0	0	0	NA	0
7q	13p	0	0	8	8	0.137503523749935	0
7q	14p	0	0	20	14	-0.321928094887362	0
7q	15p	0	0	11	6	-0.631612594019978	0
7q	21p	0	0	83	101	0.397110159437618	0
7q	22p	0	0	6	6	0.137503523749935	0
7q	Yp	0	0	0	0	NA	0
7q	Yq	0	0	0	0	NA	0
8p	13p	0	0	1	4	2.03562390973072	0
8p	14p	0	0	9	0	-3.32192809488736	0
8p	15p	0	0	0	0	NA	0
8p	22p	0	0	2	0	-3.32192809488736	0
8p	Yp	0	0	0	0	NA	0
8p	Yq	0	0	0	0	NA	0
8q	13p	0	0	2	6	1.63226821549951	0
8q	14p	0	0	2	7	1.84799690655495	0
8q	15p	0	0	5	4	-0.15200309344505	0
8q	22p	0	0	1	8	3.01792190799726	0
8q	Yp	0	0	0	0	NA	0
8q	Yq	0	0	0	0	NA	0
9p	13p	0	0	0	0	NA	0
9p	14p	0	0	6	0	-3.32192809488736	0
9p	15p	0	0	2	3	0.678071905112638	0
9p	22p	0	0	35	53	0.690895945470221	0
9p	Yp	0	0	0	0	NA	0
9p	Yq	0	0	0	0	NA	0
9q	13p	0	0	32	27	-0.0835233555622835	0
9q	14p	0	0	4	6	0.678071905112638	0
9q	15p	0	0	4	4	0.137503523749935	0
9q	21p	0	0	4	4	0.137503523749935	0
9q	22p	0	0	6	6	0.137503523749935	0
9q	Yp	0	0	0	0	NA	0
9q	Yq	0	0	0	0	NA	0
10p	13p	0	0	1	2	1.0703893278914	0
10p	14p	0	0	1	4	2.03562390973072	0
10p	15p	0	0	1	4	2.03562390973072	0
10p	21p	0	0	0	0	NA	0
10p	22p	0	0	1	2	1.0703893278914	0
10p	Yp	0	0	0	0	NA	0
10p	Yq	0	0	0	0	NA	0
10q	13p	0	0	1	4	2.03562390973072	0
10q	14p	0	0	2	6	1.63226821549951	0
10q	15p	0	0	2	2	0.137503523749935	0
10q	21p	0	0	2	2	0.137503523749935	0
10q	22p	0	0	1	2	1.0703893278914	0
10q	Yp	0	0	0	0	NA	0
10q	Yq	0	0	0	0	NA	0
11p	13p	0	0	2	0	-3.32192809488736	0
11p	14p	0	0	4	8	1.0703893278914	0
11p	15p	0	0	1	6	2.60880924267552	0
11p	21p	0	0	17	24	0.596233613056177	0
11p	22p	0	0	2	2	0.137503523749935	0
11p	Yp	0	0	0	0	NA	0
11p	Yq	0	0	0	0	NA	0
11q	13p	0	0	2	2	0.137503523749935	0
11q	14p	0	0	4	2	-0.736965594166206	0
11q	15p	0	0	2	4	1.0703893278914	0
11q	22p	0	0	2	4	1.0703893278914	0
11q	Yp	0	0	0	0	NA	0
11q	Yq	0	0	0	0	NA	0
12p	13p	0	0	2	2	0.137503523749935	0
12p	14p	0	0	4	2	-0.736965594166206	0
12p	15p	0	0	2	4	1.0703893278914	0
12p	21p	0	0	2	0	-3.32192809488736	0
12p	22p	0	0	4	0	-3.32192809488736	0
12p	Yp	0	0	0	0	NA	0
12p	Yq	0	0	0	0	NA	0
12q	13p	0	0	1	2	1.0703893278914	0
12q	14p	0	0	1	2	1.0703893278914	0
12q	15p	0	0	2	4	1.0703893278914	0
12q	22p	0	0	2	4	1.0703893278914	0
12q	Yp	0	0	0	0	NA	0
12q	Yq	0	0	0	0	NA	0
13p	14p	0	0	0	0	NA	0
13p	14q	0	0	0	0	NA	0
13p	15p	0	0	0	0	NA	0
13p	15q	0	0	0	0	NA	0
13p	16p	0	0	0	0	NA	0
13p	16q	0	0	0	0	NA	0
13p	17p	0	0	0	0	NA	0
13p	17q	0	0	0	0	NA	0
13p	18p	0	0	0	0	NA	0
13p	18q	0	0	0	0	NA	0
13p	19p	0	0	0	0	NA	0
13p	19q	0	0	0	0	NA	0
13p	20p	0	0	0	0	NA	0
13p	20q	0	0	0	0	NA	0
13p	21p	0	0	2	7	1.84799690655495	0
13p	21q	0	0	0	0	NA	0
13p	22p	0	0	0	0	NA	0
13p	22q	0	0	4	6	0.678071905112638	0
13p	Xp	0	0	0	0	NA	0
13p	Xq	0	0	0	0	NA	0
13p	Yp	0	0	0	0	NA	0
13p	Yq	0	0	0	0	NA	0
13q	14p	0	0	0	0	NA	0
13q	15p	0	0	0	0	NA	0
13q	22p	0	0	0	0	NA	0
13q	Yp	0	0	0	0	NA	0
14p	15p	0	0	0	0	NA	0
14p	15q	0	0	0	0	NA	0
14p	16p	0	0	0	0	NA	0
14p	16q	0	0	0	0	NA	0
14p	17p	0	0	0	0	NA	0
14p	17q	0	0	0	0	NA	0
14p	18p	0	0	0	0	NA	0
14p	18q	0	0	0	0	NA	0
14p	19p	0	0	0	0	NA	0
14p	19q	0	0	0	0	NA	0
14p	20p	0	0	0	0	NA	0
14p	20q	0	0	0	0	NA	0
14p	21p	0	0	0	0	NA	0
14p	21q	0	0	0	0	NA	0
14p	22p	0	0	0	0	NA	0
14p	22q	0	0	0	0	NA	0
14p	Xp	0	0	0	0	NA	0
14p	Xq	0	0	0	0	NA	0
14p	Yp	0	0	0	0	NA	0
14p	Yq	0	0	0	0	NA	0
14q	15p	0	0	0	0	NA	0
14q	22p	0	0	1	2	1.0703893278914	0
14q	Yp	0	0	0	0	NA	0
14q	Yq	0	0	0	0	NA	0
15p	16p	0	0	0	0	NA	0
15p	16q	0	0	0	0	NA	0
15p	17p	0	0	0	0	NA	0
15p	17q	0	0	0	0	NA	0
15p	18p	0	0	0	0	NA	0
15p	18q	0	0	0	0	NA	0
15p	19p	0	0	0	0	NA	0
15p	19q	0	0	0	0	NA	0
15p	20p	0	0	0	0	NA	0
15p	20q	0	0	0	0	NA	0
15p	21p	0	0	0	0	NA	0
15p	21q	0	0	0	0	NA	0
15p	22p	0	0	0	0	NA	0
15p	22q	0	0	0	0	NA	0
15p	Xp	0	0	0	0	NA	0
15p	Xq	0	0	0	0	NA	0
15p	Yp	0	0	0	0	NA	0
15p	Yq	0	0	0	0	NA	0
15q	22p	0	0	1	7	2.82781902461732	0
15q	Yp	0	0	0	0	NA	0
15q	Yq	0	0	0	0	NA	0
16p	22p	0	0	1	9	3.18586654531133	0
16p	Yp	0	0	0	0	NA	0
16p	Yq	0	0	0	0	NA	0
16q	22p	0	0	4	8	1.0703893278914	0
16q	Yp	0	0	0	0	NA	0
16q	Yq	0	0	0	0	NA	0
17p	21p	0	0	1	6	2.60880924267552	0
17p	22p	0	0	2	0	-3.32192809488736	0
17p	Yp	0	0	0	0	NA	0
17p	Yq	0	0	0	0	NA	0
17q	22p	0	0	0	0	NA	0
17q	Yp	0	0	0	0	NA	0
17q	Yq	0	0	0	0	NA	0
18p	22p	0	0	0	0	NA	0
18p	Yp	0	0	0	0	NA	0
18p	Yq	0	0	0	0	NA	0
18q	21p	0	0	4	6	0.678071905112638	0
18q	22p	0	0	0	0	NA	0
18q	Yp	0	0	0	0	NA	0
18q	Yq	0	0	0	0	NA	0
19p	22p	0	0	0	0	NA	0
19p	Yp	0	0	0	0	NA	0
19p	Yq	0	0	0	0	NA	0
19q	22p	0	0	1	2	1.0703893278914	0
19q	Yp	0	0	0	0	NA	0
19q	Yq	0	0	0	0	NA	0
20p	22p	0	0	4	3	-0.234465253637023	0
20p	Yp	0	0	0	0	NA	0
20p	Yq	0	0	0	0	NA	0
20q	22p	0	0	1	10	3.33628338786443	0
20q	Yp	0	0	0	0	NA	0
20q	Yq	0	0	0	0	NA	0
21p	22p	0	0	0	0	NA	0
21p	Yp	0	0	0	0	NA	0
21p	Yq	0	0	0	0	NA	0
21q	22p	0	0	0	0	NA	0
21q	Yp	0	0	0	0	NA	0
21q	Yq	0	0	0	0	NA	0
22p	Xp	0	0	0	0	NA	0
22p	Xq	0	0	0	0	NA	0
22p	Yp	0	0	0	0	NA	0
22p	Yq	0	0	0	0	NA	0
22q	Yp	0	0	0	0	NA	0
Xp	Yp	0	0	0	0	NA	0
Xp	Yq	0	0	0	0	NA	0
Xq	Yp	0	0	0	0	NA	0
